1000 333 444 555 666 
716.07 137.120801
126.84 715.360486
352.84 889.184676
104.71 180.454660
529.17 547.487353
644.15 526.449329
333.18 535.167013
968.93 935.422875
897.71 750.986669
443.84 174.910139
614.26 27.920108
310.88 860.315036
486.08 203.008050
311.59 346.167329
505.87 400.642331
571.18 496.843685
76.43 931.915852
628.49 866.277102
758.01 491.732543
762.45 501.882075
577.02 734.606397
225.96 548.589522
895.98 486.718172
788.34 573.304581
382.97 728.694250
200.73 457.686019
965.63 499.200981
126.42 357.937125
175.21 227.911123
469.18 534.958778
921.83 927.423282
336.42 388.034875
263.92 642.652223
493.97 242.112523
991.34 574.033966
711.82 945.243486
9.58 124.206402
925.26 122.033288
346.63 548.860244
405.50 634.789277
687.87 969.058072
864.52 950.882816
338.04 787.967571
529.17 367.682740
403.62 378.750374
81.49 460.941273
349.10 617.016794
51.46 395.008885
304.87 31.150664
792.45 450.635078
63.52 162.904109
800.80 15.916961
399.48 60.560951
543.26 466.350642
562.26 574.895991
517.35 589.711174
735.19 466.967472
330.89 140.048936
205.08 954.947818
691.73 522.483054
567.80 678.825155
344.60 697.359835
693.56 616.621473
878.72 970.015244
413.03 979.124283
610.90 112.749246
61.00 792.993762
280.64 101.225466
554.23 771.088245
386.50 881.516115
589.68 196.174071
657.52 900.208568
661.01 207.702801
358.66 402.790447
816.96 894.526213
40.38 649.973537
663.36 538.378875
584.97 523.367543
859.17 818.416018
299.10 437.261497
921.18 636.402426
632.45 879.127731
255.78 831.282749
347.57 245.369720
30.81 562.426542
560.93 288.954903
416.37 710.059003
656.88 460.695767
318.46 692.112429
235.96 605.481276
538.83 567.440328
790.91 908.754938
184.34 890.127563
953.95 107.649807
559.83 218.232324
879.12 856.713259
982.11 448.060800
515.41 731.999798
297.19 742.979587
297.64 772.017312
44.72 20.415845
691.81 182.745256
448.39 34.307392
342.45 10.491264
801.12 590.695995
497.18 235.129669
521.09 424.883603
347.67 22.310524
667.08 578.694682
798.04 352.204880
88.41 590.634824
526.54 110.550505
539.32 560.457853
573.14 72.095850
985.71 798.827394
795.01 254.548057
273.66 713.985843
569.33 490.977124
195.31 227.850395
974.60 19.102158
485.89 26.593911
190.70 566.400894
201.74 524.014375
65.94 110.579563
378.58 503.952194
204.94 896.280628
542.66 980.406082
734.11 712.280127
67.14 106.177397
254.60 90.748260
128.89 723.816050
753.45 333.955612
55.60 902.950101
220.10 847.267044
662.26 77.982449
922.41 544.164831
95.35 987.483112
197.41 363.796198
140.76 834.871165
877.58 619.187065
649.42 18.267875
225.40 780.467548
8.27 510.438644
311.64 838.504730
580.36 867.877491
925.86 927.148448
979.19 787.300598
331.08 884.405335
481.53 749.706496
904.32 772.429289
948.92 253.956233
77.49 562.041871
279.76 366.379060
100.00 618.988007
686.52 238.694208
279.95 846.329766
351.24 77.658878
270.79 270.948034
198.88 6.033132
106.44 83.347677
413.49 821.045562
452.19 110.760213
753.94 834.525912
538.46 26.448398
882.67 534.843911
538.85 266.303255
555.63 526.983894
505.91 271.075245
218.51 131.343992
103.02 823.311389
974.23 717.653239
188.08 567.318361
18.66 646.851548
186.54 343.901898
53.20 935.602586
211.89 435.534395
269.48 55.659785
81.07 788.889314
737.27 759.557596
959.93 487.892144
212.14 376.655170
45.92 309.737108
896.41 556.644518
838.56 867.495725
741.10 124.101427
503.75 275.411752
756.40 235.981523
150.22 256.775996
115.87 858.247489
501.31 330.068132
789.07 167.783067
164.43 978.129919
37.97 576.756711
125.94 239.409300
464.14 919.619149
88.24 812.326704
821.34 954.556233
127.77 776.727673
519.16 743.697849
899.64 293.988560
467.71 987.556916
213.83 924.048803
565.36 812.516142
426.52 408.493002
947.59 424.795873
351.91 219.462930
914.63 44.950494
628.73 810.932692
883.12 483.905139
950.69 168.643586
486.34 990.835367
772.45 915.307856
130.68 736.411628
966.94 256.716580
532.75 649.304259
73.61 460.915397
469.24 722.225042
831.70 246.056751
707.81 284.644525
431.17 452.937880
714.69 806.772009
584.09 126.253954
696.50 273.143748
71.20 695.524613
100.91 29.586250
755.01 294.403789
220.53 765.382009
279.11 488.196134
694.95 209.766148
352.43 287.042654
741.25 480.650971
910.23 440.192463
946.90 371.562674
765.77 659.460764
591.36 263.657235
37.67 772.424540
214.29 632.462158
529.02 413.790854
584.94 128.394010
921.76 922.977337
246.02 56.479978
660.47 714.184305
378.37 390.041697
466.74 749.652192
163.17 616.982786
731.60 495.550557
985.12 142.984526
468.02 131.824979
431.37 336.208469
908.40 971.749673
883.14 781.506995
247.43 313.935784
684.36 872.754593
955.61 979.792030
96.11 479.460365
723.91 904.214824
28.22 313.657639
597.38 558.513139
478.57 546.166080
573.59 44.788417
633.02 694.286924
687.86 153.355685
189.49 358.049510
895.96 903.097843
1.44 817.128623
360.70 363.304927
0.43 128.973980
721.71 299.603044
292.95 269.636916
698.59 201.687655
651.34 126.971639
773.03 983.032137
478.27 151.680811
492.44 429.458984
941.08 71.044241
118.64 791.976785
899.77 914.716777
344.17 637.765305
619.39 348.933518
753.45 700.422545
22.17 887.668874
708.02 405.985798
433.35 385.237345
676.76 534.842372
771.83 518.599623
462.37 42.118941
873.41 958.974501
743.04 971.770492
883.44 96.606453
257.19 124.294554
263.27 520.677352
415.96 277.312977
99.69 734.980077
192.24 305.355952
842.12 591.318377
568.59 133.840350
902.66 694.512752
346.33 616.870837
399.50 138.853009
642.26 814.146667
694.75 704.945920
300.68 814.593654
839.89 422.887808
801.28 909.648553
992.41 802.898293
77.22 144.316163
778.12 173.959586
202.25 796.736738
248.10 346.217016
847.62 275.207067
896.53 131.137621
134.67 34.181713
373.29 287.546084
359.27 47.155577
330.74 900.137687
583.12 924.534174
900.16 494.007782
272.01 109.297886
793.46 813.863196
711.67 543.749988
989.87 885.244445
502.16 488.819555
494.47 978.265275
877.75 645.808490
171.91 428.669433
230.48 622.290895
169.45 968.640203
45.06 982.881959
782.47 578.627743
446.08 406.206490
691.89 704.959178
884.39 746.653206
558.58 575.268272
770.81 379.064069
809.37 879.551933
426.20 32.667260
740.49 129.281291
836.46 234.231982
519.30 936.442315
860.39 457.142192
336.59 410.256257
672.22 481.018623
479.07 8.860476
966.26 314.453205
913.00 929.266652
400.26 220.771194
631.59 409.932892
699.66 953.543145
384.34 860.390106
34.48 685.495245
919.79 241.278006
664.67 372.801681
802.57 581.223608
330.95 398.400536
562.00 435.211827
553.23 385.494450
67.86 729.055192
447.87 558.942777
865.34 78.494403
149.29 91.612532
817.89 867.205035
639.00 529.344902
965.03 179.024638
162.59 807.051665
491.97 935.150464
326.13 105.245582
195.29 131.617477
982.70 47.319709
711.13 16.400942
675.17 590.036732
20.76 14.974065
425.17 640.509884
667.74 599.690660
234.22 560.615859
587.52 509.182038
679.38 553.066412
175.73 431.907918
283.41 611.693134
988.89 661.559655
961.74 551.908229
397.08 265.282055
293.14 296.457141
283.35 948.384068
828.04 397.765498
30.50 286.700238
290.53 943.317331
150.87 81.020573
704.95 867.122730
925.23 783.627989
993.75 21.605244
828.61 787.196238
963.89 533.951380
665.63 648.958883
289.58 253.530665
628.15 361.637893
778.80 907.453819
661.81 656.220435
1.51 725.352896
903.81 125.021016
85.15 218.329694
676.60 46.914716
924.15 837.641426
815.17 56.152595
188.44 873.614712
521.48 863.373852
784.41 52.664321
606.88 769.537639
958.54 358.930957
861.63 633.362071
130.32 46.356738
415.04 698.955552
89.91 157.026922
684.70 466.757569
145.92 52.986000
801.48 817.399162
608.09 72.774488
8.53 359.998998
43.61 902.543770
316.45 474.705730
659.21 207.329144
829.53 520.582958
995.07 494.059886
394.49 966.435875
631.95 707.948826
146.68 821.750427
527.74 222.446512
799.96 261.032862
830.44 335.005773
135.25 76.601643
935.69 182.145302
655.67 907.021300
241.65 834.014910
189.90 681.230483
532.35 807.764358
811.93 517.980845
422.35 78.041298
608.51 318.070989
506.83 980.055785
943.01 390.257050
168.37 954.638254
146.14 833.500212
736.63 524.998771
294.49 746.848112
422.93 11.506832
532.87 107.843133
156.41 464.417117
446.83 820.632773
830.77 946.356383
319.54 721.276977
185.97 338.474251
809.72 491.081227
451.60 128.985010
92.44 485.733793
280.08 413.552804
816.10 470.817456
408.81 477.387767
180.83 460.751748
878.59 613.439878
946.36 101.877943
668.39 174.739528
470.46 900.327118
907.41 567.403239
780.16 666.238315
718.28 910.388517
831.82 688.170568
509.24 255.657665
247.37 741.155998
649.80 555.535548
973.56 210.372820
867.35 350.884814
129.13 537.103545
30.35 443.063074
239.59 287.336420
826.94 503.883982
646.51 344.543871
0.80 711.017242
982.48 740.931843
515.03 502.095215
666.31 185.525153
230.87 490.535162
666.48 408.187755
313.89 441.650294
652.40 517.049768
722.50 71.548714
780.11 929.426813
351.95 796.771165
995.87 365.398153
963.79 563.385239
971.33 436.609933
142.42 544.749468
768.14 584.065077
605.00 982.424544
557.51 346.753533
121.57 310.404857
259.05 22.692347
653.37 145.260704
707.99 825.635822
617.22 830.833893
884.92 270.358546
165.00 223.356216
148.76 128.609748
212.35 909.425325
182.22 293.812963
549.57 323.965106
196.73 948.191808
559.68 427.531668
637.84 729.717436
897.73 2.140677
295.45 102.197461
450.17 912.851012
50.03 809.686386
191.31 179.932613
994.45 381.545466
341.49 625.487107
962.20 897.891896
862.57 551.417270
491.48 143.455022
612.39 115.819774
466.96 403.227235
931.95 185.993975
439.36 283.611139
524.52 732.731811
338.67 391.498806
872.10 707.419297
709.13 549.975259
245.32 616.402580
20.53 567.843041
421.74 122.340247
196.00 771.269677
314.01 296.792553
465.35 425.541349
803.97 99.626467
556.96 464.765893
617.28 137.107148
209.50 264.632770
191.51 260.590520
976.35 460.858590
281.97 510.942234
345.38 472.200553
805.19 830.224459
670.54 636.008484
889.28 782.477779
250.26 925.935449
732.38 820.869895
862.78 580.988859
68.14 871.000149
27.99 633.555056
408.29 772.277883
386.60 47.972170
835.29 424.197629
624.75 752.885132
715.87 955.803971
908.66 317.844652
15.09 399.087829
491.57 950.885341
829.03 865.522850
1.56 208.238432
694.20 155.099667
483.19 654.628469
248.98 765.336079
942.42 303.122213
944.97 0.746692
406.93 123.218700
965.01 38.685439
165.01 126.393153
985.37 503.492589
264.89 426.861120
308.77 96.273529
750.80 404.764143
534.55 771.823758
768.93 357.771162
864.86 637.232278
209.19 269.342204
370.04 349.207906
150.38 17.339271
751.02 130.469101
67.07 230.645360
995.83 321.531691
634.97 324.942653
687.43 485.459514
464.98 28.406821
890.37 732.774485
208.28 976.022490
537.38 15.544047
40.10 5.366955
19.09 428.089398
458.46 440.521620
420.61 961.826407
865.38 483.355017
168.30 999.126779
349.92 437.504188
75.68 42.058844
109.91 730.314219
185.56 593.349447
755.62 947.755385
879.25 716.439805
387.12 498.525272
396.22 967.252996
455.38 233.385922
817.87 121.037951
465.57 787.135067
306.61 312.818553
93.82 521.942465
751.71 909.595745
131.32 436.198770
201.49 67.189461
283.80 982.251804
510.06 565.754820
511.27 394.795136
396.57 127.477380
639.92 370.203120
714.58 100.284439
93.86 22.376412
716.77 635.767420
31.65 254.899243
739.33 431.683412
16.21 580.365785
236.18 773.805908
756.60 49.084373
885.17 163.564880
926.31 150.116863
438.38 812.518534
651.89 162.482305
671.71 918.522466
874.24 573.701257
733.69 998.420614
385.29 472.655748
131.13 865.715335
238.15 655.591895
704.45 727.145315
297.56 965.223898
125.94 588.198773
648.90 786.161252
540.71 853.729729
203.68 833.751985
6.94 976.065964
241.15 352.015252
875.13 919.962755
502.92 549.353075
377.47 402.755699
329.78 783.535158
629.76 541.012801
796.36 411.018978
336.68 44.419814
786.57 856.601313
546.73 186.717393
965.53 869.923669
337.37 836.033221
975.80 913.324196
790.54 117.330828
326.62 484.419184
712.56 222.968452
96.05 995.709774
382.00 289.190076
42.47 707.170538
0.49 563.045708
171.42 496.537721
252.08 632.673207
447.91 831.852752
428.92 761.608462
736.98 823.332634
388.32 222.988660
324.02 334.059647
307.55 480.963712
471.30 744.159935
887.65 513.747756
443.07 529.550632
621.05 55.565087
643.06 538.079703
726.09 983.936906
898.07 942.688257
815.65 65.606009
259.47 808.443261
709.56 260.820038
829.76 28.895898
628.47 374.229238
230.82 833.818895
379.20 24.465811
168.55 927.191454
821.66 317.348144
698.50 629.184626
610.80 774.008268
920.20 732.329552
852.15 650.114137
913.07 469.127568
269.65 841.413635
341.20 370.811279
833.19 800.353737
694.73 485.140904
560.68 875.440022
73.74 540.997042
625.24 956.837839
559.77 90.711134
648.37 386.640870
939.82 334.784709
531.43 529.034780
55.16 410.739768
711.35 843.677024
630.21 96.791761
866.79 555.037881
707.34 595.945218
844.26 241.866397
966.47 796.706729
620.65 705.647202
261.80 888.242210
122.29 26.814239
762.70 691.451764
538.05 635.124311
567.07 569.697589
703.46 749.131086
568.79 336.024755
208.68 562.927924
539.32 475.512955
59.90 850.659543
737.78 65.365956
170.84 135.777345
133.47 580.586136
300.86 538.295090
327.70 914.320657
613.06 815.679683
141.82 279.555055
79.05 788.400199
321.52 568.746007
987.54 267.095906
943.31 371.829129
756.04 142.975073
528.89 348.036625
737.22 475.209843
34.29 435.964877
343.73 108.162410
319.66 407.820240
382.20 617.303289
286.07 231.844004
235.40 646.327642
31.15 321.301135
411.45 30.529478
394.86 4.463757
893.81 464.870176
490.13 948.705736
782.36 971.916201
916.78 79.750949
472.78 548.085204
595.17 36.511264
342.94 250.218942
613.28 940.662570
814.97 652.809731
316.22 301.614915
161.07 224.283442
571.77 50.937513
390.41 294.250530
785.67 850.327600
569.63 108.866204
711.73 54.215450
518.70 85.305784
378.67 658.052844
718.63 6.400452
838.33 617.840507
652.34 160.856250
810.53 492.738001
562.26 591.984185
363.51 113.518924
589.61 817.915837
315.03 103.661507
503.61 918.905992
178.92 531.101435
232.28 433.195546
909.94 716.846452
369.23 383.313345
935.44 507.112711
906.93 181.548810
604.51 879.367312
992.70 489.167207
160.79 116.251715
328.05 71.930280
158.96 477.043268
448.78 688.415776
229.89 121.938426
997.23 341.914240
666.54 313.488054
898.81 236.359315
191.73 711.083931
204.37 307.482818
796.76 983.212897
83.02 698.467050
852.03 348.612443
825.52 351.708292
11.49 897.455617
727.17 472.446172
312.85 278.865376
796.42 854.117796
445.82 228.635570
518.31 448.152073
378.20 373.869172
481.58 511.942837
431.68 227.810637
848.67 717.967971
848.97 482.550120
155.83 685.120072
834.34 839.239047
226.58 71.571183
751.12 170.330994
468.71 108.823851
471.02 787.125391
110.23 861.542317
967.60 755.145875
71.38 560.475128
885.18 341.856711
932.09 710.062769
577.80 843.761109
551.86 842.585368
661.60 786.511162
251.61 441.984933
447.20 151.391889
446.29 748.458154
284.60 199.148262
298.15 575.848622
255.83 247.955539
372.16 514.685269
265.36 542.366325
648.21 681.956240
205.47 15.904121
264.28 632.538080
894.10 208.839256
418.35 925.408313
103.90 27.430546
284.88 789.769117
509.37 110.021399
149.30 152.040074
388.53 752.943961
226.25 145.002797
618.55 114.935745
506.82 946.488806
922.33 498.061706
127.95 98.808322
552.78 146.937334
31.49 194.160775
71.74 232.966729
389.77 218.711819
594.07 528.570260
432.10 812.655586
659.33 25.830899
877.89 999.818869
673.77 228.113258
336.57 483.244908
872.91 621.106209
393.32 698.382637
808.68 506.135394
989.02 409.291537
108.87 813.837452
400.38 562.566857
414.91 86.359959
113.64 356.033860
28.68 662.751470
97.34 402.817016
519.36 382.361234
53.29 484.949822
815.86 257.729697
752.30 593.667115
675.02 500.095327
334.78 785.953571
734.95 711.372220
724.17 279.473481
78.37 705.992888
13.21 231.967024
614.40 279.713189
742.49 768.481124
985.99 801.318029
503.89 132.947641
802.03 33.748949
828.74 842.792243
32.50 375.724365
123.12 550.242782
475.04 301.291832
708.07 986.220509
462.67 226.415652
228.35 47.180062
925.30 177.764106
682.33 337.678825
608.33 324.045043
672.97 498.092187
586.62 764.898165
713.45 514.662353
164.24 582.463568
272.78 155.513837
122.22 437.910555
901.10 319.552615
946.73 346.654992
118.76 684.077181
848.60 364.569061
629.02 740.882569
855.37 951.670773
864.67 409.671723
136.47 703.673576
401.73 592.366623
700.12 925.105398
568.23 603.723204
199.67 395.823086
796.63 594.413591
405.20 406.628952
271.24 224.985353
859.93 225.942643
15.93 696.004676
855.48 140.320322
266.29 175.027358
458.33 884.895762
238.77 959.232635
312.82 959.021007
917.19 788.638984
73.34 86.609243
346.05 384.462302
896.64 24.656069
974.93 976.664309
601.29 407.488997
618.55 640.986773
97.13 214.445320
562.80 166.314136
56.37 406.506977
693.77 786.217553
668.93 950.154400
391.89 942.796203
655.52 757.190927
407.56 705.861074
539.65 456.011978
311.89 86.141342
868.01 576.850194
143.79 188.198030
559.66 900.645839
2.82 518.392838
629.53 873.722407
968.52 257.496060
18.44 129.367229
469.23 528.865292
347.88 49.327418
134.76 634.750338
857.54 725.359334
11.37 528.968329
159.96 691.166425
509.84 968.360733
421.37 951.802403
516.93 503.129599
139.35 470.005800
99.22 783.018236
404.43 721.694508
241.68 268.640537
798.97 816.336666
119.13 931.987414
377.17 118.103564
729.29 634.787444
285.27 192.202864
4.89 706.135735
902.67 144.812763
157.98 560.419496
118.42 197.441494
332.60 652.474649
792.34 325.798126
195.68 449.144351
196.99 453.481782
879.01 585.641375
491.26 491.703483
395.67 792.631099
56.51 193.199590
947.50 237.664431
932.44 592.454698
270.96 475.039344
47.57 751.926440
648.07 484.519955
454.19 657.381577
448.46 185.382284
182.68 702.563500
34.53 112.399995
535.78 87.692399
722.98 549.670723
889.85 206.852529
874.70 642.277947
174.18 310.872630
406.12 790.973974
806.64 265.207344
357.30 818.270419
698.02 452.555896
96.75 953.072734
50.28 939.110937
223.98 983.458854
695.14 88.641890
887.37 982.168021
107.11 292.934936
655.90 716.248297
515.81 328.912416
64.65 251.149353
599.20 756.139657
740.97 781.004762
506.59 453.123366
562.45 432.214408
706.32 842.164562
501.55 658.626729
727.84 71.526976
782.44 976.171459
948.31 676.920500
271.72 665.870328
413.40 314.005259
909.78 840.544949
