3590 0 0 250 250
497.38 51.155391
-403.77 -294.903857
-290.65 -406.846481
366.15 340.489360
361.21 -345.729188
-470.54 -169.088104
-494.14 -76.338515
362.65 -344.219830
-392.31 309.992037
197.62 -459.290443
-311.03 -391.483846
-461.10 -193.360158
203.33 456.789545
-432.53 250.838848
498.46 -39.268369
402.22 297.013491
271.40 419.933166
302.35 -398.230201
-440.97 -235.677193
474.81 -156.698916
-41.96 498.236266
-188.50 -463.105709
-487.50 111.097005
236.40 440.587502
494.79 71.998829
-433.42 249.292898
496.24 -61.188884
-130.69 482.617915
-372.48 -333.550893
371.01 335.190533
-108.72 488.036336
-471.86 165.363763
374.39 331.412025
397.19 -303.716293
-374.39 331.409636
500.00 0.481176
440.99 -235.639885
-446.06 225.908155
490.84 -95.276898
134.54 481.557721
-432.08 251.608021
-382.66 321.822292
-487.35 111.770594
348.75 358.290382
-433.60 248.975533
437.61 -241.857660
-326.54 378.647457
209.10 -454.179286
-400.18 -299.762442
452.30 213.126792
-167.78 -471.010333
252.58 431.515579
-218.35 449.801955
-500.00 -1.076470
-480.56 -138.077796
-481.12 -136.084838
274.94 417.620799
27.69 499.232892
-494.20 -75.944046
-461.04 193.499528
-496.88 55.755419
420.96 -269.796798
-473.01 -162.059455
491.92 89.504537
-200.24 -458.153402
376.75 -328.725114
86.15 -492.522301
338.54 367.957900
338.58 367.914095
-229.23 -444.356887
-473.07 -161.888468
-280.17 414.129123
140.13 479.962984
446.25 225.516706
486.93 113.590501
492.96 83.632808
-332.65 -373.286119
409.91 286.304597
-404.98 293.243355
496.41 59.818364
-184.94 464.538690
-207.71 -454.815266
-294.27 404.231854
-429.91 255.302839
-349.43 357.632460
479.00 143.391436
-120.31 -485.308917
317.16 386.539012
470.96 -167.930418
-495.08 -69.935230
220.40 -448.800674
-417.98 274.400198
-500.00 0.908352
-469.20 -172.781298
489.35 102.626509
-443.69 230.516284
-490.13 -98.880679
-305.17 -396.071751
-466.90 -178.889486
-495.21 -69.078856
484.94 -121.809078
218.85 449.560779
399.72 -300.378371
473.80 159.741500
217.01 450.449947
125.41 484.015578
491.11 -93.860861
-278.04 -415.566064
352.11 -354.995613
2.91 -499.991548
493.64 -79.476338
499.99 -2.606537
-122.75 -484.698774
265.24 423.848566
-124.61 484.224044
61.40 496.215613
436.43 243.990847
490.89 95.035407
475.93 153.258875
-382.86 321.589364
274.95 -417.614674
491.20 -93.413507
500.00 0.111111
-499.51 22.138328
-497.35 -51.408533
-173.89 -468.787583
122.87 484.668366
-312.12 390.617341
228.32 444.823934
101.53 -489.583225
491.29 92.901431
481.91 -133.267613
462.58 -189.799564
258.46 428.018992
64.11 -495.873170
-415.38 -278.317238
40.51 498.356137
-279.24 -414.757950
-483.83 126.128459
412.31 -282.849209
-155.39 475.241782
455.92 -205.278942
-499.15 -29.140002
-247.47 434.461671
499.99 2.777763
65.18 495.732796
-494.72 -72.492043
-463.18 188.330656
-129.90 482.830219
-165.72 -471.738576
44.64 498.003365
161.47 -473.208475
497.88 -46.009930
498.65 -36.671540
376.49 329.016250
-499.56 20.880357
-496.98 -54.832020
437.04 242.887193
-238.51 439.447677
239.83 -438.726103
213.75 -452.005901
141.45 479.574062
499.63 -19.222242
-242.15 437.449129
487.57 -110.790067
-231.06 -443.407616
433.23 249.620345
497.70 -47.900113
-426.00 -261.764211
-191.63 461.820121
-331.14 374.625606
-499.18 -28.696667
-424.04 264.926906
357.08 349.993398
191.59 -461.836121
-499.31 -26.218871
-392.31 309.992898
131.67 -482.352754
-439.54 238.333073
447.31 -223.409019
499.88 11.110197
263.53 -424.912975
-43.44 -498.109701
477.89 147.041861
375.05 330.663960
499.34 -25.668176
354.59 -352.512095
-213.41 452.170651
483.86 126.032868
480.52 138.204520
442.68 232.456753
-378.42 -326.799576
-180.93 -466.116455
-137.22 480.803453
-357.96 349.090916
-330.95 -374.795605
170.15 -470.157946
-482.49 131.172883
-349.83 -357.233113
298.61 -401.038413
-324.23 380.622245
-247.87 434.235996
397.80 302.906329
1.40 499.998045
497.80 46.892423
-450.83 -216.217213
459.29 197.626467
-489.76 100.659235
-6.39 -499.959163
353.39 -353.713930
-193.49 461.044742
-202.35 -457.226837
344.98 -361.922125
-486.68 114.632351
-240.91 438.133121
205.53 -455.805581
-499.99 -2.648105
-456.15 -204.767482
-495.52 -66.817873
-461.67 192.000134
387.51 315.974061
441.84 -234.045719
-390.03 -312.852183
122.69 -484.714633
306.95 -394.689388
-38.05 498.550469
492.01 -89.005558
-343.77 -363.071489
422.38 -267.575156
296.37 402.700476
317.83 -385.988512
498.37 -40.294712
250.99 -432.440899
-3.01 499.990956
366.78 339.807595
328.40 377.030148
-175.59 -468.153185
445.53 -226.947602
429.75 255.571558
499.82 13.442824
490.03 99.334665
409.52 -286.867661
357.72 349.341702
-206.79 455.232650
-499.02 31.331890
456.44 204.108473
-409.43 287.003028
-83.69 -492.946631
420.05 271.217230
207.39 454.959970
34.93 498.778709
-139.41 -480.172200
386.72 -316.932372
-329.16 376.366514
199.68 458.397394
294.24 404.257072
290.78 -406.753461
-1.54 -499.997627
346.33 -360.633494
362.43 344.451845
22.57 -499.490527
133.51 481.845907
470.93 -168.008736
-494.28 75.396517
-496.59 58.332596
437.25 -242.504856
-126.17 483.818451
443.54 -230.801730
421.83 268.434795
-480.12 139.595010
176.74 -467.720528
495.94 63.557113
459.31 197.562345
391.72 -310.729722
-477.13 -149.498781
499.94 8.027433
-205.51 455.812904
126.78 483.660610
443.15 -231.554736
-497.51 49.835702
-435.91 244.920652
-362.04 344.856514
-460.13 195.655489
-96.53 490.593142
437.51 242.045566
-245.58 -435.533023
-499.40 -24.489375
-172.67 469.237384
491.86 89.833006
-386.08 317.718940
-437.25 -242.516757
100.02 489.892996
24.15 499.416653
-423.17 -266.328083
496.27 60.949462
495.96 63.421164
-178.23 -467.157166
340.95 365.723485
158.08 -474.352095
-107.32 -488.347443
-470.31 -169.722560
182.67 465.438198
-491.82 -90.078477
-451.37 -215.085503
-225.69 446.166768
-480.72 137.492634
-422.89 -266.768739
-401.98 297.341595
-438.96 -239.403904
-440.49 236.572841
-412.78 282.155985
-27.00 499.270691
-486.79 114.161443
261.47 426.183077
-482.05 132.778324
350.93 356.155645
498.22 -42.135276
-491.01 -94.370309
499.85 12.248775
-384.33 319.833331
40.83 498.329736
-465.46 182.623376
-344.38 362.494890
-310.22 -392.128256
224.94 -446.545048
497.60 48.921423
193.79 460.917381
460.03 195.893515
13.03 -499.830297
-74.54 494.413245
-145.56 478.341829
-279.58 -414.532151
-400.04 -299.947434
-284.81 -410.955297
-117.26 486.054822
342.81 -363.978345
-283.21 -412.055117
244.99 435.868093
383.33 -321.032434
-456.48 204.033817
-197.97 -459.139527
-232.18 -442.822634
113.92 486.849492
-399.85 300.194627
411.41 284.148306
-496.76 -56.843112
200.01 458.252769
-428.84 257.096137
-384.55 -319.559188
337.79 -368.640780
170.71 -469.956121
-83.72 492.940451
-7.96 499.936593
82.77 493.102301
-317.57 -386.199554
432.07 -251.623892
-263.44 -424.971569
467.30 -177.838936
108.49 488.087681
364.68 -342.066694
492.79 -84.631345
-241.91 -437.586418
-499.53 21.605937
-311.29 -391.275835
-482.01 132.919971
44.75 -497.993809
189.22 -462.812789
-470.24 -169.928301
283.69 -411.729968
12.33 499.848051
445.62 226.762103
490.31 -97.960543
499.70 17.357623
-157.58 -474.518493
196.33 -459.840619
280.95 413.605479
-344.69 -362.199590
487.06 113.014690
147.56 -477.729731
230.52 -443.690496
477.58 148.038537
-496.77 56.725108
-498.30 -41.181454
-499.12 -29.627093
217.63 -450.151530
-403.42 -295.386229
65.49 -495.692079
-335.52 -370.714542
-450.77 -216.355622
-407.73 -289.406115
-367.56 338.966495
491.89 89.687745
9.62 -499.907455
-487.04 113.114468
-51.62 497.328248
101.06 -489.680927
406.87 -290.618418
366.01 340.645506
-112.52 -487.174854
499.99 -2.825828
255.00 430.086905
-239.09 439.128227
-352.88 354.224727
238.23 -439.597747
-99.24 -490.052766
-148.45 -477.455004
29.21 499.146233
424.71 263.854865
-495.62 -66.009673
306.08 395.364378
143.93 478.837460
307.39 -394.350898
-457.62 -201.455224
-271.60 419.803919
470.04 -170.476378
482.61 130.713345
258.29 -428.121928
105.04 -488.842071
-130.60 -482.642647
235.10 -441.280874
360.57 -346.392405
235.79 -440.913856
-367.27 -339.278046
-347.97 359.052102
415.87 277.587545
383.42 320.917532
-462.43 190.156326
306.31 -395.189233
-211.21 -453.198209
499.41 -24.222058
-499.55 21.238954
-350.70 -356.380104
-257.80 428.415759
-99.28 -490.044314
-299.24 -400.568331
413.41 -281.229309
-415.11 278.720952
-258.10 -428.233515
363.18 343.654234
420.51 -270.504481
-71.42 494.872696
358.18 348.861423
-257.36 -428.677010
-471.48 166.456573
371.09 335.103053
66.29 495.586476
393.45 -308.544667
-21.06 499.556150
-123.93 484.398999
405.05 -293.142318
79.32 -493.668385
259.37 -427.463593
276.02 416.906416
-171.06 469.827303
500.00 1.777774
468.73 174.055613
-495.27 -68.602262
-475.78 -153.741772
-218.59 449.686727
235.18 441.237726
-494.41 -74.589050
-497.58 49.163765
497.44 50.570727
-106.55 488.514920
218.50 -449.729665
-192.29 -461.544453
-462.06 191.041966
-402.32 -296.883734
198.51 -458.905466
266.28 423.193484
496.01 -63.054978
394.90 -306.687916
147.40 477.779805
-447.21 223.619494
10.70 499.885435
376.49 329.016526
262.66 425.451762
-487.92 109.241521
436.81 243.311506
-498.83 34.225321
467.99 -176.039290
-26.87 499.277533
499.70 17.387749
68.64 495.266572
498.22 42.199739
421.59 268.816276
436.32 244.183194
125.27 484.052778
-49.08 -497.584976
-192.65 461.393699
91.68 -491.522774
-281.31 413.356770
-432.03 251.699142
386.45 317.259330
325.17 -379.820277
495.32 -68.276870
472.53 -163.461786
389.87 -313.051511
-142.43 -479.285749
480.48 138.353092
473.50 -160.621629
449.97 -218.016267
212.19 452.740952
-404.44 -293.980291
201.34 457.670032
472.31 -164.090638
-304.89 396.283804
94.86 490.918513
498.55 37.991127
208.67 454.377398
-103.87 489.092534
495.91 63.825380
77.27 -493.992901
491.94 89.396118
-484.95 -121.769282
-496.71 -57.225839
-220.05 448.975865
-35.47 -498.740250
118.47 -485.761985
-97.97 -490.307104
-332.77 373.183861
268.44 421.826856
472.03 164.891385
-442.15 -233.463743
-497.85 46.296986
-490.64 -96.297738
-465.06 183.621573
238.96 439.203141
-26.17 499.314551
265.89 -423.441679
432.39 -251.074761
457.13 -202.572506
-164.65 472.111456
388.73 -314.464293
-378.27 326.968976
137.55 -480.707572
357.66 349.394257
-127.89 483.366590
22.72 499.483310
210.51 -453.527107
-407.92 -289.136470
337.75 368.681269
472.84 162.537487
-476.87 -150.320976
-200.85 -457.887769
303.80 397.120810
-171.15 -469.795341
-498.19 -42.513391
-114.21 -486.780265
487.39 111.592007
402.94 -296.037790
367.33 -339.221332
-313.07 389.856418
375.44 330.220691
203.90 -456.534878
86.52 492.457423
219.33 -449.326235
-256.77 -429.032918
-397.75 -302.982879
53.52 497.127491
499.26 -27.150756
498.39 40.068102
-487.07 -112.954778
469.21 -172.747270
-317.48 -386.275801
499.98 4.330534
297.82 -401.627863
468.29 175.223971
376.22 329.329468
-136.30 -481.062374
365.01 341.712514
-227.56 445.213047
-431.25 -253.033010
446.80 -224.438916
-348.17 358.856191
317.81 386.004773
-484.33 124.201163
498.78 -34.861497
-455.97 205.161707
367.02 -339.550657
109.22 487.925551
237.11 440.203300
-19.74 499.610066
-394.43 307.282286
422.85 266.836353
488.64 105.968009
380.12 -324.820394
-489.96 -99.678612
-221.13 -448.444551
-229.65 444.141369
-495.97 -63.356721
477.04 149.775602
-406.24 -291.496233
329.89 375.731611
409.48 -286.919896
172.70 469.227190
-497.78 -47.083730
499.04 30.932901
105.71 488.698104
162.22 472.952095
470.96 -167.930935
458.38 199.712194
-455.59 205.995473
495.90 63.931225
351.98 355.115916
-420.96 269.800562
-481.17 -135.916015
413.94 -280.456845
-205.11 -455.994875
-462.23 190.634877
-149.81 477.030136
479.55 141.546869
-458.96 198.379850
415.64 277.923519
441.32 235.018619
409.85 286.398072
188.51 463.103058
99.69 -489.962049
498.07 -43.881160
483.50 -127.372186
-362.55 344.321547
-470.74 -168.531455
-342.08 -364.665923
370.45 -335.804085
425.15 -263.151157
-97.01 490.499236
-43.47 498.106541
-335.38 -370.840704
209.68 453.909665
-435.33 -245.936460
-487.19 112.470334
134.83 481.476886
474.55 157.485013
296.19 402.831721
-378.06 -327.213624
98.68 490.166209
-169.50 470.392670
-87.81 492.229881
-249.44 433.336447
470.31 -169.716977
-480.46 -138.398664
447.64 -222.746635
-308.87 -393.188927
-458.51 -199.414857
-304.54 396.552434
377.26 -328.133149
281.45 -413.260665
-464.76 184.385377
434.99 246.540614
-348.86 358.183360
195.57 460.167698
208.97 454.237192
-218.14 -449.906844
405.01 -293.203311
400.63 -299.163524
-318.87 385.124751
66.76 495.523088
-276.21 416.784456
487.11 112.798386
98.94 490.113773
-362.49 -344.386867
499.90 10.027106
383.89 -320.351022
-418.75 -273.213145
205.12 455.987566
-345.34 361.576014
450.16 -217.624603
-361.28 -345.652010
440.17 237.171611
167.36 -471.159929
-424.58 -264.069441
-145.71 478.296584
499.89 -10.490459
-424.96 -263.463495
261.89 -425.924075
-58.36 496.582777
463.99 186.316621
480.58 -138.001307
-460.80 -194.077357
-53.60 497.118927
483.27 128.242313
-354.03 353.071854
474.19 158.579038
-475.12 155.767998
58.56 496.558793
334.52 -371.614481
-248.48 433.886592
245.31 435.687997
-402.36 296.827417
-390.06 -312.819389
367.50 -339.038030
-352.17 -354.928878
464.52 -184.978662
115.68 486.434097
493.67 -79.306739
-58.00 -496.624200
-462.77 189.326658
237.81 -439.824809
295.34 403.451141
-236.07 440.762134
-401.18 -298.424650
347.75 359.263473
359.74 347.257505
-371.99 -334.101900
-391.03 -311.601086
-124.68 484.205731
484.93 -121.846833
242.38 437.324228
-491.63 91.109195
-61.59 496.191821
482.78 -130.090572
318.18 -385.700150
-495.32 68.263027
-219.60 -449.194883
-434.41 247.558658
-138.80 -480.347963
-127.00 483.602709
-301.66 -398.751468
41.50 498.274892
322.76 381.871121
499.78 14.727948
484.82 -122.271099
419.87 271.494283
-493.47 -80.549401
-159.97 -473.718807
340.38 366.253159
499.45 23.352613
480.07 139.768634
287.46 -409.107302
487.22 -112.334554
486.59 -115.007730
499.06 30.637410
-367.64 338.879433
484.75 122.549271
163.95 472.356855
276.27 416.742908
474.51 157.620288
439.24 238.897157
103.61 489.148137
83.49 -492.980803
-328.47 -376.969226
-499.84 12.650427
40.64 -498.345667
155.28 475.277405
481.67 134.139095
-498.94 -32.544676
133.40 481.877318
195.97 459.994254
100.08 -489.881296
-65.40 495.703812
-280.34 -414.017058
-479.67 -141.138169
81.45 493.322118
451.35 215.145306
-187.52 463.502562
56.28 496.822618
-149.30 -477.188926
131.64 -482.360357
-488.49 106.643459
236.81 440.366036
36.60 498.658423
50.69 497.423782
305.76 -395.614170
429.10 256.652969
500.00 0.478432
-481.27 -135.558966
476.98 149.982193
235.64 440.989925
476.49 151.503533
-499.75 15.803198
413.00 -281.836586
-119.51 -485.507455
299.98 -400.015167
481.96 -133.085307
-454.81 207.719948
218.65 449.658161
460.54 -194.676012
173.28 469.012847
123.57 -484.489573
-312.73 -390.124483
432.73 250.493425
-215.53 -451.163693
391.08 -311.537127
-191.15 462.018647
77.02 -494.032911
494.24 -75.672645
26.15 -499.315512
-461.32 -192.839277
499.97 5.877420
171.17 469.787743
71.49 -494.863438
43.25 498.126136
254.59 430.330243
165.44 -471.837862
438.23 240.740602
346.42 360.545502
437.40 -242.247835
-54.75 496.993412
269.81 420.953271
499.99 -3.633379
-493.19 -82.256757
260.86 426.555643
10.63 499.886955
499.95 7.110871
-133.09 481.961935
498.69 36.102139
292.00 405.879078
-351.61 355.485915
-459.05 198.175175
-472.24 -164.275930
-433.35 249.420251
-399.64 300.480845
232.24 442.794077
11.42 -499.869479
-500.00 -0.305098
-313.10 389.833418
421.20 269.433118
-125.18 484.076143
-280.59 -413.849455
-490.34 -97.827112
448.01 221.998943
-35.05 498.769726
219.83 -449.080171
-412.24 282.950547
334.30 -371.811018
-443.94 -230.046991
-36.85 498.639985
499.90 -10.083931
492.72 -84.993342
424.65 263.959175
-403.63 -295.095533
-425.71 -262.234905
124.69 -484.203977
-280.68 413.788633
-380.26 -324.660516
-342.81 -363.982414
-46.36 -497.846172
493.20 82.166177
-463.74 -186.945025
57.30 -496.706388
438.00 -241.150541
138.57 480.416112
196.94 -459.582753
-376.75 -328.727380
483.59 127.036383
219.87 -449.061364
403.17 295.726947
-285.29 410.623368
-296.73 -402.429124
-189.12 -462.854792
77.76 493.916688
-275.98 -416.935618
476.51 -151.439799
71.40 -494.875580
245.40 -435.638227
-172.63 469.254802
298.37 -401.215152
214.04 451.870803
143.09 479.089224
-411.08 -284.621859
494.70 -72.641309
421.28 -269.295325
55.84 496.872039
-126.35 483.771055
226.88 445.564130
-476.25 152.266588
-409.13 287.429060
-391.12 -311.486166
325.93 -379.169533
-494.31 -75.211334
-376.33 329.205627
-62.87 496.031602
-494.52 73.794584
-499.70 -17.298169
-211.53 453.048566
320.54 -383.736959
298.41 -401.189307
82.58 493.132669
-314.85 388.417434
-78.46 493.805534
137.99 -480.581785
-229.48 -444.226114
-444.27 -229.392038
37.27 -498.608673
-381.50 323.198536
287.04 409.397804
-191.10 -462.041207
12.25 -499.849946
125.84 -483.903999
-78.18 -493.850075
140.54 -479.842708
-95.93 490.711493
500.00 0.444444
-493.60 -79.747411
403.93 294.690053
-497.28 52.047815
216.40 -450.743966
-118.05 485.863455
-394.77 306.846294
210.59 453.489627
157.76 -474.460203
-29.66 -499.119461
201.33 -457.676585
473.12 161.732415
-84.45 492.817428
107.95 488.206938
-187.47 -463.523734
443.27 -231.326816
-24.44 499.402157
324.22 -380.632612
200.21 458.164562
-474.52 -157.572166
265.77 -423.515326
428.43 -257.775037
491.86 89.829766
336.38 369.931956
451.79 -214.217583
-112.06 -487.280454
-200.19 458.173748
-443.16 -231.527602
-430.21 254.794820
84.72 -492.770826
466.02 181.176191
-499.66 18.469392
149.90 -477.001298
457.35 -202.057611
-265.42 -423.737281
21.25 499.548026
478.12 146.299524
-452.92 211.818188
-485.33 -120.223966
498.21 42.319192
-338.89 367.636341
-463.41 -187.744761
443.97 -229.978929
-463.86 186.649395
-461.41 -192.604035
-483.44 127.603053
127.53 483.462396
-444.48 -228.994923
-406.62 290.962050
-495.40 67.676418
432.52 -250.847148
-499.82 -13.488769
-278.50 415.259323
-495.57 66.377932
-360.03 -346.953724
-172.01 469.479648
375.24 330.443482
-432.49 -250.894651
-205.71 455.722274
-66.76 495.523224
264.51 -424.305321
300.52 -399.611209
-496.42 -59.758211
316.63 386.968139
456.52 203.939128
-287.60 -409.009513
-166.74 471.378294
499.82 13.430764
-471.77 -165.633469
-478.83 -143.936774
234.37 441.668918
-380.93 -323.868729
260.83 -426.578052
395.92 -305.364825
-160.17 -473.650238
320.15 384.059994
236.02 -440.786850
47.30 497.757725
191.32 -461.950532
-360.29 -346.688872
-412.76 282.192190
347.34 359.654716
77.82 -493.906851
114.84 -486.634116
-44.38 498.026572
-340.93 -365.736882
-359.10 -347.913363
61.44 496.210426
-470.09 170.326645
-498.15 -42.950011
62.14 496.124180
499.17 28.793083
170.79 469.926414
393.79 -308.107025
-241.44 437.842844
271.18 420.073867
497.29 52.015184
-276.58 416.538976
7.20 -499.948128
-404.03 -294.556947
325.37 -379.651579
499.97 5.135139
203.22 -456.838580
-410.19 285.911108
-486.79 114.191516
223.45 -447.294407
-434.70 -247.060722
327.56 -377.762596
469.79 171.160810
60.18 496.365145
499.51 -22.178760
48.45 -497.646678
455.96 -205.178456
-499.60 -19.972293
393.40 -308.602472
-354.08 353.029413
-490.88 95.070493
-466.69 179.455924
495.56 66.496842
316.77 386.851808
448.69 -220.623734
-165.60 -471.780417
391.59 310.897198
-34.22 -498.827918
457.04 -202.763788
306.15 395.313470
-126.22 483.806551
-451.15 -215.554579
457.22 -202.365972
142.92 -479.138043
162.46 -472.871043
235.14 -441.257928
24.78 -499.385393
491.05 -94.174961
480.87 -136.978362
-86.06 492.538336
404.31 -294.164381
-458.30 199.900240
-207.21 -455.043730
-373.81 332.067999
393.41 308.590675
-25.73 499.337317
123.80 -484.432207
-38.53 -498.513470
380.56 324.303120
171.08 -469.819892
-496.87 -55.864563
151.30 476.559795
-391.20 311.382091
497.49 -50.077272
496.56 58.521074
-222.91 447.562732
-487.04 113.114111
479.55 141.543359
486.87 113.842490
-115.40 486.500380
383.84 -320.416826
144.38 -478.699524
-236.24 440.673230
-203.69 -456.630925
-63.15 -495.996528
-478.28 145.760589
-474.00 -159.127041
-414.40 279.768304
-262.07 425.818988
38.25 498.534818
498.57 -37.751503
23.41 -499.451634
-368.24 338.225851
327.88 377.484219
-150.57 -476.789755
-85.82 -492.580487
74.01 494.491578
-187.27 -463.606323
-468.99 173.343671
469.01 173.285638
-499.18 -28.695936
351.31 -355.782841
-327.11 -378.152078
131.80 482.317268
-499.18 28.611473
-343.12 363.691601
-406.10 291.686256
348.72 -358.318427
481.85 133.495691
-249.95 433.044043
-483.71 126.590476
496.84 56.161740
-257.89 428.358932
-432.31 251.218640
469.74 171.296447
79.84 493.585025
498.10 43.499032
-67.18 495.466928
429.33 -256.277099
456.80 -203.311399
395.98 305.287830
-425.85 -262.014077
15.55 499.758267
-405.61 292.368468
489.07 103.972017
-442.06 233.628726
275.02 -417.567937
334.05 -372.031968
-170.91 -469.881983
-436.34 244.145960
382.99 -321.432120
-360.40 346.569680
130.33 482.714532
363.29 343.539925
314.93 -388.357527
-336.42 -369.894886
-468.44 174.836668
-262.89 425.311107
196.26 -459.872042
-454.80 -207.733741
-257.71 -428.468233
-485.99 117.514126
139.48 -480.150516
393.34 308.682267
394.76 -306.861950
-158.24 -474.299056
494.99 -70.590312
-244.14 -436.344750
-358.43 -348.608472
-244.33 -436.238878
-103.22 489.229912
299.42 -400.437111
-490.18 -98.611948
454.13 209.204527
461.67 192.002235
486.42 115.754913
499.83 13.100292
-172.85 469.173609
-61.66 496.183037
-445.99 226.040201
109.68 -487.821102
-193.86 460.890427
495.61 66.138196
109.36 -487.894196
-304.51 396.574805
344.15 -362.715407
253.95 430.710807
368.28 -338.190787
-229.38 444.281879
408.93 287.705255
124.96 484.133764
-421.46 269.021572
-252.93 431.307773
-484.39 -123.964987
-25.11 499.369149
-407.35 289.938039
-250.12 432.944886
492.94 83.751179
500.00 0.984640
493.92 77.711457
498.70 -36.021042
-391.30 -311.261677
28.48 -499.187972
417.90 -274.515451
469.08 -173.091924
-481.97 -133.053151
-482.25 132.026723
-341.05 -365.626454
465.52 182.464040
-492.44 -86.613044
-348.15 358.871583
457.53 -201.654332
-350.61 356.471742
491.08 94.017910
492.20 87.974758
-104.48 488.961362
-270.98 -420.204204
9.18 499.915801
-322.00 382.514177
175.75 468.094982
468.22 175.408813
-140.68 -479.800588
-161.14 473.322469
138.47 480.444717
250.26 -432.864650
-256.47 -429.209722
354.19 -352.912340
-93.90 -491.104531
372.70 333.312504
-480.23 -139.191875
192.33 -461.528043
486.29 116.286417
42.07 498.227260
465.87 -181.572833
312.35 390.434458
-479.84 -140.533038
367.42 -339.115788
50.10 497.483462
-43.53 498.101199
-115.91 -486.379736
397.21 -303.684206
459.22 -197.776706
225.64 446.189241
-234.07 441.828364
481.95 133.141668
430.40 254.479873
157.66 474.492310
374.99 -330.729482
343.29 -363.530731
472.18 164.467765
-383.44 -320.900922
409.61 286.735926
294.05 -404.390603
-211.13 453.236032
-199.60 -458.434059
471.77 165.619409
352.52 -354.583550
139.19 -480.235411
-134.37 481.605907
-173.36 468.985133
-383.70 -320.589417
254.46 430.405037
279.98 -414.257952
462.67 189.579913
457.47 -201.790112
-41.48 498.276674
-498.24 41.933054
-500.00 1.441801
499.09 30.231550
-5.79 -499.966475
269.37 421.234098
490.63 -96.320249
-114.25 486.772960
-475.68 -154.051274
-337.67 -368.748847
340.03 366.581550
-409.18 -287.358772
-440.52 -236.527754
-109.46 -487.870701
-499.34 -25.627563
457.18 202.452858
237.29 -440.104035
-45.32 497.942253
272.52 419.206752
480.65 -137.754152
346.97 360.014435
499.73 -16.484045
-419.99 271.303277
-31.05 499.035032
-494.89 71.304773
479.41 142.017583
-363.06 343.784501
494.06 76.836129
-368.27 -338.192462
-25.09 -499.370158
184.12 464.864081
209.16 -454.151156
396.54 304.556866
42.76 498.167994
-408.51 288.298550
-109.41 487.882062
-373.14 332.814810
91.63 491.531683
324.13 -380.710812
499.84 -12.594249
-233.62 442.066309
261.64 -426.078686
-30.25 -499.083987
454.71 -207.944093
-442.13 -233.496225
-144.98 -478.520282
334.29 371.822616
-422.14 -267.957054
-255.89 429.558043
88.09 492.179042
123.26 -484.568331
-449.41 219.165548
333.66 -372.381695
434.14 248.045863
-499.20 28.310785
-468.22 -175.417626
-475.18 155.589294
454.44 208.536392
-368.06 338.420689
498.24 -41.915664
-363.27 343.560573
-306.63 -394.942969
207.12 455.084199
-435.90 244.925438
489.15 103.612698
460.01 -195.938579
379.71 -325.298621
119.49 -485.512588
132.22 482.200023
345.78 -361.157137
121.97 484.894458
-264.64 -424.226074
404.84 293.431668
-479.90 140.341164
487.60 -110.670842
443.57 230.754708
-55.19 -496.944327
198.20 -459.039367
-482.71 130.356555
-139.35 480.189370
393.27 308.768948
-61.47 496.207069
-474.06 158.958818
-330.51 -375.187619
-142.67 -479.211817
-322.68 -381.936408
463.63 -187.218481
-489.48 -102.027885
-167.05 471.267946
478.89 143.743288
-404.76 293.541827
-429.75 255.561591
469.95 170.712570
27.46 -499.245479
217.74 450.098619
-137.29 480.783287
-487.78 -109.886986
-199.34 458.544150
-490.68 96.087029
267.00 422.744406
-269.37 -421.238774
-499.75 -15.895439
-450.02 -217.898916
-271.15 420.089576
475.78 153.719257
-364.56 342.193229
-164.72 472.088525
381.07 -323.700440
-421.96 -268.234712
486.40 -115.831898
387.37 316.142861
444.09 -229.739872
-298.36 401.224801
42.43 498.196066
-171.81 -469.555989
490.43 97.370512
-333.08 372.908246
430.02 255.114173
-135.87 481.185830
303.99 -396.975416
-232.60 442.601372
490.68 96.092854
353.08 354.021206
332.96 373.012739
-478.34 -145.581571
-498.60 -37.344668
-235.50 441.064797
-70.77 -494.966139
142.19 479.355575
329.25 376.289923
440.22 237.074595
-182.09 465.664742
448.17 -221.685806
499.82 -13.569797
479.36 -142.174407
499.89 -10.270114
44.51 -498.014852
135.89 481.178999
480.03 -139.888828
-273.83 418.351545
499.08 -30.254174
-451.81 214.167797
-379.93 325.043262
438.27 -240.667732
392.79 309.380472
-193.59 461.002088
-493.07 82.935549
-357.86 349.196090
307.69 -394.116759
-495.69 65.505684
-280.88 413.648346
318.80 -385.181092
-444.17 229.599213
16.72 -499.720285
301.12 399.159873
399.56 -300.584908
489.34 -102.673550
408.38 288.486425
-218.54 -449.712927
392.56 309.667511
-499.08 30.296580
398.78 -301.620038
-10.86 -499.881976
271.49 -419.873541
348.27 358.754811
-79.74 -493.600001
307.08 -394.594458
452.61 212.462489
-355.07 352.032569
-484.01 125.441661
449.69 218.580852
-343.07 363.736243
-416.75 276.256224
203.89 456.542101
181.39 465.935592
-454.69 -207.978568
326.46 -378.709923
499.99 2.249992
165.52 471.808041
488.37 107.197312
-289.43 407.713315
-332.52 373.404040
-470.00 170.598780
147.72 477.680298
367.36 339.187624
-418.16 274.128210
-365.18 -341.529364
-150.43 -476.834311
142.11 -479.378699
255.46 -429.813298
-487.72 110.117675
-224.89 446.569833
-496.07 62.603811
371.48 334.663373
-395.32 306.134597
-197.10 459.513083
-495.68 65.570907
-273.36 418.660336
-458.25 -200.020998
-337.72 368.705038
-181.95 465.718230
444.21 -229.517633
366.54 -340.071476
-295.38 403.420323
27.64 -499.235269
115.96 -486.367342
473.31 -161.190021
471.27 167.051379
-267.04 422.715177
81.23 493.357347
-425.53 262.538414
495.17 69.294694
496.24 61.207203
-430.26 254.699999
343.27 363.542641
-474.18 158.610154
463.83 186.723562
-337.59 368.828201
62.23 -496.111725
-462.49 -190.005038
105.81 -488.676111
122.41 484.783609
216.28 450.803264
115.36 486.510099
-438.02 -241.113634
477.86 -147.133738
489.82 -100.397963
-320.61 383.676791
-440.84 235.925529
-246.75 -434.870362
-474.01 -159.118379
-278.51 -415.252705
498.84 34.043081
-154.31 -475.594314
125.80 -483.915634
-499.28 26.797194
451.06 -215.753016
123.80 -484.431255
391.22 311.363139
251.59 432.091697
422.16 -267.921957
500.00 0.000000
-188.49 463.110327
499.96 6.543670
493.64 -79.482661
485.60 -119.117568
-112.71 -487.131101
458.16 200.219709
-414.88 279.065867
499.50 -22.363152
35.42 498.744156
304.18 396.833932
401.96 297.369728
353.24 353.866692
-55.72 -496.885688
280.35 -414.008505
159.78 473.782352
492.54 -86.020571
-370.10 -336.189040
-311.94 390.758183
-243.90 436.476215
-490.68 -96.110877
354.29 352.815876
166.84 -471.344064
-145.86 478.253157
448.29 221.441700
319.78 384.370491
389.03 314.100425
108.60 488.062686
499.96 6.330236
-492.12 88.412864
-143.85 -478.861362
301.22 -399.082380
238.57 439.411276
19.35 -499.625423
491.75 -90.430698
423.98 -265.035929
-221.99 -448.019653
-295.51 -403.325292
-354.01 -353.095400
-494.88 -71.393943
-298.11 -401.409777
466.58 179.736733
-195.43 -460.223327
489.03 104.155235
376.52 328.988590
-253.35 -431.061384
346.89 360.092420
205.79 -455.688698
330.57 -375.134768
499.96 6.249837
-350.35 356.732809
488.55 -106.376068
-497.42 50.746264
293.55 404.758496
143.21 -479.053230
273.20 418.762460
-351.82 355.277662
-281.04 413.541037
-437.02 -242.927046
-50.81 -497.411344
-247.31 434.552544
326.50 378.679375
500.00 0.999999
-411.05 -284.677753
-485.96 117.655866
-337.93 368.510935
489.22 -103.261547
366.52 -340.097061
-105.25 488.796510
-499.97 5.835854
426.11 261.586614
-465.21 -183.239565
425.31 -262.897822
8.81 499.922407
456.61 203.744555
-337.19 369.188904
-266.67 -422.949649
-235.08 441.289510
-499.97 5.546396
13.39 -499.820799
-493.35 -81.281401
-451.58 214.661423
-257.62 -428.520501
156.28 -474.948822
-57.80 496.648432
-93.09 491.257654
-492.64 85.460186
-373.08 -332.884350
-405.82 292.080203
-472.32 -164.068276
397.50 303.299772
-382.60 -321.894167
-499.95 7.132346
478.47 -145.149070
-89.44 491.936098
491.78 90.302711
-211.97 -452.843855
-449.63 218.699269
-499.59 20.133536
431.24 253.051692
-305.71 395.655909
-123.45 484.520517
473.22 -161.435821
495.19 69.221394
440.59 -236.393066
-71.21 -494.902932
226.15 445.933372
251.57 -432.105312
60.47 -496.330288
476.39 -151.824823
-151.76 -476.411395
-489.93 99.864676
-460.60 -194.544620
499.93 8.516948
54.72 -496.996863
102.89 489.299272
341.66 365.060713
-486.62 114.882611
68.30 495.313718
-101.10 -489.672632
493.36 -81.241287
165.78 -471.716376
415.64 277.926561
349.68 357.384793
-488.06 108.604785
105.13 488.823365
482.96 129.420968
476.69 -150.884984
-494.73 -72.419355
252.13 431.777154
-202.57 -457.125830
127.41 -483.495244
-207.07 -455.108612
499.07 -30.468510
133.58 481.824917
136.24 -481.080035
-69.78 -495.106257
-437.98 241.194008
-59.67 496.426615
-480.42 138.561624
-441.92 -233.885903
500.00 1.582599
-372.18 -333.887433
208.79 -454.322321
-86.50 -492.460917
52.51 -497.234763
-49.67 -497.526447
39.15 498.464814
-117.70 485.950052
100.06 489.884914
350.34 -356.741455
67.52 -495.420073
-479.27 -142.491394
-498.25 -41.848007
212.31 452.688120
454.05 209.371324
-266.92 -422.794120
-253.38 -431.041936
370.04 336.264041
66.47 495.562093
-437.80 241.515700
-456.18 -204.695117
497.26 -52.248740
272.79 -419.026379
-185.80 464.194841
165.19 -471.922874
-458.57 199.287988
250.53 432.706042
-499.15 -29.187072
3.15 499.990084
-433.46 249.230324
499.85 -12.122354
99.95 489.907687
-157.58 -474.517917
499.65 18.773364
51.62 497.328559
-449.66 -218.654564
-449.91 218.133439
-359.10 -347.919663
322.21 -382.334936
-325.54 -379.508772
-412.76 -282.182834
75.52 494.263750
189.71 462.612660
366.68 339.924076
72.43 -494.726548
-473.84 -159.614468
33.14 -498.900524
176.22 -467.917715
484.10 125.091978
467.53 -177.255687
499.59 20.244465
-213.66 -452.051162
-382.06 -322.540609
-499.73 16.574544
484.55 -123.316465
401.19 298.411969
451.08 215.708819
-95.07 -490.878198
349.52 -357.544904
-496.43 -59.612878
-98.66 -490.170483
437.33 242.362122
277.38 416.005315
310.15 392.185225
-257.23 428.754408
497.26 52.311258
426.84 -260.396189
46.80 -497.804964
-93.25 -491.227174
-498.61 -37.227115
499.30 -26.522095
-27.50 499.243225
5.72 -499.967309
421.44 269.055222
-445.17 -227.641418
112.29 487.228898
-392.82 -309.335749
-17.12 -499.706786
-372.83 -333.164344
176.88 -467.666440
-50.48 -497.445219
-6.78 499.954005
275.69 -417.124406
-413.44 281.183750
-295.86 403.074567
271.03 420.172257
173.63 -468.884403
487.97 109.005483
482.52 131.067856
380.00 324.960693
-410.66 -285.229609
-431.54 -252.525463
431.68 -252.298700
499.22 -27.884284
-239.26 439.036438
426.80 -260.459370
364.72 342.025362
-350.18 -356.898846
-462.67 -189.560717
-440.69 -236.210993
497.82 46.626600
456.16 204.745385
-141.02 479.700924
66.90 -495.504208
358.72 -348.313532
-437.06 242.853097
-355.22 -351.880299
300.20 399.850091
430.45 254.385011
2.13 -499.995466
2.11 499.995536
-217.33 -450.296001
123.97 -484.388740
-20.08 -499.596712
-332.96 -373.014742
479.97 -140.100406
-189.01 462.900399
-193.40 -461.083062
477.46 -148.444684
-443.49 230.907339
499.74 16.023936
-323.43 381.300450
-487.49 111.132818
-439.50 238.403753
-104.52 488.953685
499.19 28.429104
-49.59 497.534575
485.44 -119.798109
-363.96 342.833876
397.14 -303.778998
-412.89 -281.999507
-60.54 -496.321408
-475.68 -154.026240
344.70 362.193732
479.59 -141.389996
-498.22 -42.151936
87.95 492.204426
-472.92 -162.319281
497.98 -44.913249
-370.42 -335.839483
-498.35 -40.635044
465.17 183.350846
466.88 178.961577
499.48 22.767706
499.97 -5.592537
478.60 -144.717238
227.86 445.059696
498.36 40.496522
-307.71 -394.100389
63.55 -495.945000
95.74 490.748534
-483.12 -128.839151
1.40 499.998037
-390.31 312.507937
496.77 -56.741174
-356.62 -350.462347
-370.87 -335.340955
478.52 -144.962462
482.90 129.639845
-104.88 488.876232
-339.82 -366.770584
-45.90 497.888895
-498.65 -36.677641
-241.64 437.735317
500.00 1.361109
456.92 -203.035038
-456.95 202.958631
174.12 -468.704238
-433.38 249.357687
188.58 463.073078
-216.80 -450.551465
401.49 -298.003444
182.59 -465.469576
-125.11 484.094531
-433.09 -249.859644
329.82 -375.788277
337.32 -369.072721
-118.64 -485.719496
317.95 385.888010
168.56 470.732359
59.76 -496.415647
343.52 363.309822
-492.98 -83.477042
-486.28 -116.337868
491.87 89.803700
-480.09 -139.680463
134.70 -481.513191
363.21 343.627552
-315.53 387.870687
493.45 80.646171
199.88 458.311523
382.95 321.477606
-225.33 446.349003
165.97 471.650898
93.62 491.156910
7.06 -499.950107
34.45 498.811900
-176.56 -467.787384
478.25 145.874823
499.75 -15.789230
-247.59 -434.394265
-404.63 293.726422
-496.94 55.275945
-473.17 161.592253
404.07 -294.490123
10.01 -499.899752
-254.60 -430.322941
438.39 240.451766
-484.09 -125.118783
-113.60 486.923815
-288.73 408.208116
255.46 -429.815916
473.02 162.012524
387.76 -315.664077
394.98 306.580370
-144.79 478.576630
396.25 304.938628
212.94 452.391340
266.75 422.901250
384.14 320.054440
-135.81 -481.201716
-101.38 -489.614279
-496.97 54.983698
437.76 241.595462
-248.59 -433.826184
302.17 -398.362215
0.04 499.999998
-92.67 -491.337938
44.69 -497.998468
-446.53 -224.968257
213.62 -452.068538
438.28 -240.654911
90.42 491.756256
41.50 498.274527
310.72 -391.732968
-68.89 495.231802
-421.12 -269.548334
393.85 -308.024121
-91.55 491.546331
-479.45 141.867676
-406.73 290.806131
471.66 165.939066
-246.93 434.768779
-431.96 -251.815346
-498.65 36.735419
336.01 370.262009
-499.05 30.861312
-217.23 -450.344206
411.93 -283.390870
-176.77 -467.709512
-389.81 313.124821
457.11 -202.600411
-99.81 489.937604
-296.18 -402.839348
-370.85 -335.368200
196.98 -459.565833
-108.34 -488.120550
-398.30 -302.251858
46.83 -497.801661
-402.70 -296.369860
325.14 -379.844165
-302.99 -397.738858
-487.91 109.283794
42.53 -498.187900
467.53 -177.252277
-74.76 494.378621
-357.89 -349.165346
-491.95 89.355579
-88.60 492.087422
-21.78 -499.525395
457.05 202.754600
-397.66 -303.100619
-126.07 483.846247
240.55 -438.333422
-273.81 -418.363150
-452.48 -212.751538
-314.91 388.369095
-170.72 469.952846
-94.15 491.056249
83.29 -493.013171
349.32 357.741318
495.88 64.043238
-497.88 -45.976712
309.03 -393.066016
474.06 158.955771
-286.65 -409.669713
-455.65 205.866577
-451.44 -214.950541
424.96 263.447886
-58.42 496.575736
-121.59 484.991249
498.52 38.442834
27.61 499.236955
-439.37 238.655914
-450.09 -217.753004
-47.90 -497.700339
-496.89 -55.642454
192.15 461.604627
378.45 -326.765897
-315.97 -387.511777
-499.37 -25.076365
-63.29 -495.977812
-446.53 -224.972179
339.54 -367.036581
-213.04 452.342026
-482.31 -131.807962
-182.65 -465.446110
-251.85 -431.940587
-475.91 153.323675
499.20 28.239162
332.85 373.110565
436.68 243.538498
444.34 229.265123
-55.16 -496.947815
-466.05 -181.090598
446.63 -224.767091
-410.31 285.730876
379.38 325.685103
417.85 274.597158
412.56 282.474007
486.46 115.571427
-454.25 -208.944814
365.94 -340.722029
496.55 58.642493
-197.10 459.512434
422.85 -266.826315
-461.38 192.678245
-251.88 431.923836
257.91 -428.349270
497.91 45.635773
378.84 -326.311691
-303.16 397.610029
-472.99 -162.107175
-308.11 -393.783702
282.61 -412.466827
476.61 151.138625
-497.52 49.714049
-498.47 -39.085717
-425.91 -261.915228
451.71 -214.377083
123.56 484.492326
-491.34 -92.654963
44.18 -498.044172
-494.47 74.161481
-120.74 -485.202929
204.04 456.472625
-362.15 -344.742035
409.11 287.457394
-485.11 -121.097404
-347.74 -359.274973
-41.75 -498.254012
-11.81 499.860492
459.31 -197.572756
-425.91 -261.924415
-52.79 497.205754
46.75 497.809545
-474.98 -156.200496
427.69 258.995231
236.68 440.436558
-424.43 -264.308995
-210.56 -453.501287
-33.84 -498.853699
196.01 459.978851
-195.05 460.385105
186.86 463.769835
202.83 457.013330
392.07 310.288830
489.94 99.802618
405.73 -292.207228
499.72 -16.667604
-94.07 491.070903
169.39 -470.434378
471.90 -165.253817
-499.98 4.806671
-314.52 388.687603
466.11 -180.947935
-450.23 217.472161
126.48 -483.737164
-410.23 285.850837
225.57 -446.228493
-23.51 499.447085
109.54 -487.853994
-184.84 464.579439
-402.52 -296.607953
-177.32 467.500240
-100.15 -489.868029
-176.40 -467.850276
-319.01 385.010041
473.00 -162.092744
-276.36 416.682971
443.84 230.227482
-499.27 -26.966165
-94.10 491.065917
335.76 -370.489378
230.49 443.705236
-14.46 -499.790986
40.60 -498.348651
-493.79 -78.565139
-86.43 -492.473621
-204.94 -456.070184
496.04 62.782119
407.83 289.271308
126.08 -483.842169
214.31 451.741329
386.62 317.058857
-474.70 157.024878
-83.43 -492.989725
486.21 116.618757
-250.47 432.741249
11.39 -499.870317
-373.20 -332.749201
-202.64 -457.097247
-493.59 79.833289
-21.03 499.557512
-357.91 349.143507
460.58 -194.587138
-319.87 -384.291877
470.99 -167.835744
315.40 -387.976014
92.24 -491.418749
-124.56 484.236021
423.80 -265.323330
-467.05 -178.498458
-464.54 184.935621
-484.43 -123.815206
223.77 447.134136
249.19 -433.477459
273.85 418.337778
200.11 -458.209409
-225.49 -446.264554
-53.65 -497.113360
386.73 316.916822
-151.41 -476.524032
-473.25 -161.364298
438.84 -239.624880
200.62 -457.986561
-408.81 287.878241
-435.71 245.267897
37.54 -498.588944
441.45 234.788407
406.76 -290.767849
-333.78 -372.275873
-341.89 -364.848412
-337.12 369.254459
187.65 463.450621
477.70 147.650455
151.42 -476.519191
-487.27 112.104550
-440.99 -235.642537
141.83 -479.462137
250.73 -432.588333
-52.10 -497.278208
493.13 -82.583106
-244.52 -436.127925
221.36 -448.332033
-201.00 457.819109
423.28 266.149809
121.21 -485.086754
195.29 460.284555
237.82 -439.822024
450.94 -215.986923
-430.04 -255.071506
-36.73 -498.648995
-454.05 -209.385853
391.61 310.868430
84.10 -492.877290
481.91 133.283286
10.53 -499.889059
478.67 144.492437
141.75 -479.487377
423.28 266.153052
458.63 -199.135373
427.48 -259.351709
-499.60 19.950023
-3.94 -499.984441
-114.72 -486.661656
478.18 146.095751
360.12 346.860876
-371.61 -334.523438
-251.97 431.868314
-210.60 453.485740
-341.95 -364.791552
500.00 0.250000
497.39 50.972691
291.78 406.033027
-499.64 18.986571
-307.02 394.635703
-18.92 499.641876
-459.83 196.362438
-499.39 -24.782874
500.00 1.220391
338.21 368.258428
-199.90 -458.300382
296.60 -402.530889
244.82 -435.961099
-421.85 268.403728
-21.33 499.544738
487.39 -111.580437
-363.55 343.271015
370.70 -335.527096
-373.45 -332.473030
254.27 430.520881
89.69 -491.890514
325.51 -379.530848
497.84 46.449737
432.21 251.380176
-497.38 51.153128
-447.69 -222.645106
389.91 -312.995937
-331.61 374.209933
251.44 -432.179769
430.75 -253.885640
-26.84 499.279152
497.36 51.270833
361.57 -345.352740
480.41 138.594544
-429.45 256.070330
393.17 308.892117
-300.32 399.756534
189.64 462.639348
21.25 499.548072
-474.66 -157.149612
293.16 -405.042308
135.93 481.169065
462.30 190.460086
-129.99 -482.807183
498.10 -43.587336
472.06 -164.790114
-437.60 241.879650
-419.67 271.803211
-9.30 499.913456
462.07 191.018059
-435.47 -245.686612
102.15 -489.454997
-21.35 -499.544161
137.31 -480.775583
-445.12 227.750440
-156.94 474.732887
-490.50 96.995412
-494.18 -76.045920
426.76 -260.524732
310.11 -392.217421
93.50 -491.179617
-499.99 -2.745869
-477.07 149.687288
-495.66 65.717471
455.77 -205.613822
359.87 -347.116799
370.69 335.545248
-189.44 462.722380
390.99 311.652608
338.52 -367.971512
-185.06 -464.491016
350.46 356.624776
417.69 274.842685
-413.41 281.235124
-255.74 429.650142
359.09 347.924188
498.21 42.236340
492.30 -87.412705
498.63 37.030756
317.63 386.145749
490.41 97.445620
-437.41 -242.225845
78.00 -493.878833
285.26 -410.639269
86.46 492.468803
-46.41 497.841425
-497.38 51.114404
427.76 -258.889870
-324.03 380.794141
493.52 -80.207875
-345.88 361.062899
-497.89 45.849343
-491.05 -94.156564
463.63 -187.216615
388.74 314.449791
-340.07 -366.537615
417.35 -275.346590
-416.16 -277.147887
-118.86 -485.666761
-80.59 -493.462257
-489.47 102.051149
264.17 -424.515943
-37.17 -498.616786
-448.38 -221.259073
-386.93 -316.680355
430.56 -254.204379
-427.54 259.245384
136.84 -480.910255
200.10 -458.212919
-468.30 175.188294
-273.27 418.715978
63.00 -496.015420
-322.38 -382.192216
316.30 387.240531
218.55 449.708493
405.59 -292.395232
-321.48 382.947278
-293.59 -404.727113
141.44 479.577475
356.80 -350.278593
-148.40 477.469928
-496.07 -62.589844
-120.51 485.260377
29.93 -499.103098
5.75 499.966966
481.59 134.436245
-5.53 -499.969437
-313.94 -389.151138
393.86 -308.020230
486.16 116.826133
287.99 -408.731561
471.80 -165.556306
-123.34 484.547713
-474.15 -158.694548
470.78 -168.418841
3.06 -499.990640
-288.43 408.419487
-346.36 360.605207
-392.99 -309.129959
-3.50 -499.987780
5.13 -499.973707
283.47 411.876733
-336.81 369.535512
445.73 226.542200
-426.25 261.369245
-387.08 -316.498448
-192.70 461.373837
487.81 109.728762
488.64 -105.981231
390.92 311.738771
157.59 474.515469
170.15 -470.158257
61.45 -496.208922
499.78 14.988251
-495.18 -69.230534
-474.83 156.643465
-308.76 -393.279674
-351.82 355.279207
489.36 102.621136
194.70 -460.534999
348.51 -358.523314
246.87 434.806902
404.75 -293.564091
308.13 393.769340
-348.68 358.359660
44.82 -497.987492
304.48 396.599564
314.72 388.526437
333.44 372.586377
425.25 -262.991549
-369.20 337.185182
-102.25 -489.433612
74.71 -494.387349
156.42 -474.902878
474.22 158.468117
335.61 370.632060
166.48 -471.470093
116.94 486.131841
-489.03 104.176241
-439.93 -237.612387
499.51 -22.106282
498.70 35.968904
68.79 -495.244899
295.01 -403.694752
-170.49 -470.036523
494.97 -70.766162
489.58 101.532710
258.52 -427.983188
-5.96 499.964522
-341.51 -365.199981
-402.16 297.103529
19.95 499.601902
313.82 389.249743
99.36 -490.027815
-28.01 -499.214790
-499.20 28.300384
207.25 455.025137
379.49 -325.560986
-45.39 -497.935274
-495.38 -67.843348
-84.01 492.892542
-365.67 341.004200
-41.72 -498.256772
-184.40 -464.753466
-300.57 -399.568748
-126.57 483.715313
306.29 -395.206474
-385.11 318.885875
225.99 -446.012866
-497.90 -45.803655
-18.88 499.643292
-215.80 -451.031662
333.55 372.488379
52.73 -497.211298
156.44 474.897672
-489.78 -100.577248
-11.74 499.862170
-494.63 73.104246
-232.37 442.725431
-30.55 -499.065763
-382.84 321.614126
124.12 484.348115
-347.52 -359.486141
-447.05 -223.940935
-493.97 -77.408425
-348.45 -358.581203
60.25 -496.356892
274.74 -417.753800
430.50 254.298949
-349.46 -357.597333
-239.72 438.788282
305.76 -395.615065
-111.62 -487.381625
-103.56 -489.157620
376.33 329.210094
-493.13 -82.601039
239.14 -439.101877
327.14 -378.125121
-435.70 245.279846
-38.64 -498.504868
-387.73 -315.701980
477.33 -148.858211
-306.38 395.132970
494.28 75.412322
-452.37 -212.977254
262.82 425.354579
-479.16 142.860969
265.30 423.809299
-258.69 427.880397
-495.66 -65.742830
-395.85 -305.459961
-436.45 243.943552
258.62 427.917502
-456.48 -204.019962
30.01 -499.098727
-474.12 158.777041
-451.81 -214.158548
-322.04 -382.476268
-63.60 495.937995
499.22 -27.852359
-424.85 263.632312
236.48 440.539886
-420.70 -270.203240
266.12 -423.298468
79.72 -493.603863
467.41 177.551263
189.87 -462.544751
451.96 -213.845983
498.37 -40.366660
318.63 -385.322628
490.95 94.710824
494.30 75.264176
-271.41 419.924488
-489.37 -102.544680
314.71 388.534376
-342.29 -364.471071
-438.92 239.469682
127.49 -483.473350
-157.14 474.664353
499.86 11.628154
-340.22 366.402855
108.53 488.079710
319.41 384.675717
-232.71 -442.547457
-191.71 461.787755
-268.23 -421.961467
-130.85 -482.575232
-500.00 -0.119608
-480.30 -138.967537
-489.25 -103.119829
-438.46 240.313877
-430.46 -254.375648
443.38 231.111308
85.91 492.564717
471.71 165.800459
-317.55 386.213950
264.67 -424.202037
-24.51 499.398972
497.11 53.674152
432.04 251.674418
-17.38 499.697979
-149.82 477.026357
230.75 443.569698
75.81 494.219613
391.36 -311.190522
-416.82 -276.153700
-445.99 226.041507
446.65 224.723664
-400.80 -298.936288
-198.08 459.088869
-284.57 -411.122820
400.25 -299.666705
-312.65 -390.191346
449.45 219.080868
-197.68 459.263315
-486.27 116.386749
-320.65 -383.649247
-463.13 -188.431545
-499.89 10.545545
214.03 451.873545
429.84 255.413685
-258.47 -428.007889
-189.31 462.778029
467.15 178.241094
-498.16 42.891756
107.96 488.205716
484.16 -124.859292
-165.81 471.706832
363.13 -343.708655
358.08 348.970463
462.72 189.439375
-52.17 -497.270472
420.11 271.124033
45.24 497.949492
-427.13 -259.927455
-162.92 -472.712603
-376.01 -329.566673
110.33 -487.674544
233.97 441.878955
-498.05 44.082403
79.11 493.702374
-165.10 471.955800
-498.70 -36.055933
414.51 -279.606596
-27.88 -499.221838
297.10 402.156246
-475.63 154.180801
250.46 432.745414
206.68 455.285731
438.99 239.349426
349.78 -357.289055
-479.05 -143.206463
70.72 -494.974064
-51.93 -497.296268
-499.64 -19.010855
403.50 295.282491
371.60 -334.539400
370.38 335.883282
-126.82 483.649326
435.88 244.960879
324.59 380.316620
-498.52 38.426165
264.87 424.079424
489.52 101.837613
-498.36 40.419025
-161.18 473.308625
-494.86 -71.503008
496.53 58.784044
-499.85 -12.377298
-139.15 -480.246880
-499.44 23.676359
252.45 431.589227
336.67 -369.666898
443.35 231.176775
334.83 371.331052
-416.23 -277.044747
484.35 -124.098926
91.97 -491.468942
-267.31 422.543701
-330.64 375.066676
-322.74 -381.886158
8.79 -499.922748
-351.38 355.713307
320.43 -383.831135
-470.56 169.042020
471.55 166.252780
-165.05 -471.971967
434.41 247.560635
293.73 404.629065
-161.21 473.297372
498.84 34.001517
-380.69 -324.157398
-339.91 -366.687479
192.04 -461.651528
-323.83 380.962856
460.85 -193.958531
195.97 459.995115
-61.03 496.261469
184.93 -464.545483
-296.79 402.388019
-103.90 489.084902
492.42 -86.707990
-449.25 -219.492353
351.49 -355.602133
159.24 -473.965419
497.53 49.644304
-297.40 -401.939553
84.61 -492.789485
-471.42 -166.621130
279.06 -414.882170
-486.87 -113.850051
290.46 406.982148
-388.31 314.988068
-438.05 241.070093
335.63 -370.612317
-284.10 411.446958
494.89 -71.322952
-152.57 476.152664
484.52 123.448399
28.05 499.212418
-58.14 496.608644
247.77 434.294190
-341.74 364.985092
82.61 493.128322
12.58 499.841665
-464.19 -185.809021
499.75 -15.775342
323.16 381.536832
-480.68 137.634947
477.99 146.727947
484.53 123.405900
-499.99 3.801231
129.65 482.897786
-260.27 426.915883
-203.35 -456.782001
183.98 464.921664
499.45 -23.482770
458.98 -198.329273
459.50 197.128292
-343.68 363.157551
392.72 309.467032
88.05 492.185802
-38.08 498.547798
-406.43 291.227424
-6.49 499.957904
-499.53 21.724793
52.68 497.216691
499.44 -23.707669
-317.62 386.159392
-247.68 -434.344848
424.71 263.853621
-437.71 -241.674895
465.13 183.457946
497.60 48.921605
182.36 465.558141
196.37 -459.825332
-499.13 -29.408729
-264.18 424.507979
312.97 -389.937590
407.00 -290.439049
493.56 -79.988342
-217.24 -450.341980
-348.37 -358.662062
-497.75 47.369557
-167.21 -471.211252
-11.86 499.859376
473.13 161.697311
336.98 369.380416
38.69 -498.500834
288.04 408.696292
-422.87 -266.798567
221.07 448.470610
-186.08 464.084744
-495.75 -65.080805
-142.43 -479.285124
460.98 -193.653787
-218.15 449.899835
476.26 -152.249617
279.13 414.833101
-20.53 -499.578217
393.81 308.077518
197.77 459.225771
499.92 -8.866502
286.73 -409.617269
-194.59 -460.579140
355.55 -351.543951
-372.45 -333.586562
-299.82 -400.133160
499.98 3.999957
265.21 423.868051
-466.49 179.962243
259.22 427.555896
-315.07 -388.243602
130.26 482.733676
-497.99 -44.768997
-5.89 499.965256
254.18 430.575235
11.61 -499.865122
-278.69 -415.129291
429.67 255.697831
-62.11 496.127733
358.72 -348.307239
-76.50 -494.113356
-444.52 228.913703
-18.44 499.659907
10.78 499.883786
482.12 -132.517986
10.10 499.897940
262.00 425.859543
466.42 -180.155324
16.06 -499.742037
-371.96 -334.130860
-145.50 478.360765
237.48 -440.002085
-494.02 77.130381
-408.69 -288.055569
490.94 94.755683
171.03 469.837396
466.10 180.970759
149.67 477.073289
-478.35 145.521955
-139.08 -480.267320
-173.33 468.995905
-430.97 253.498327
221.44 448.290920
-226.32 -445.845433
-76.28 -494.147363
-453.20 211.217916
-483.48 127.460985
-397.45 303.374664
-392.47 309.788529
-279.07 414.871919
80.87 493.416476
193.85 460.893580
-445.29 -227.403831
499.10 29.933111
-411.59 -283.893003
485.43 119.822413
99.69 -489.961611
-120.85 -485.176041
402.71 296.356542
-329.55 376.027771
497.09 53.856930
-498.88 -33.459161
447.63 -222.781814
499.95 6.837866
-217.54 -450.198249
-479.42 141.966333
-471.74 -165.700712
-198.80 458.778363
-350.13 -356.946449
1.06 -499.998874
142.54 479.250987
-435.04 -246.447992
-410.59 285.332571
-482.40 131.504739
-490.81 95.406335
85.12 -492.701956
316.95 386.703913
-36.14 -498.692539
455.76 205.628645
500.00 1.924701
-403.22 -295.654077
-440.15 -237.213843
-499.99 -2.722117
211.86 452.896715
-416.15 277.161432
279.09 -414.861668
-112.95 -487.074809
-336.25 370.051868
-498.61 -37.195594
-118.39 485.781442
480.44 138.494805
-54.30 497.042439
-490.26 -98.187307
41.58 498.267877
-232.25 -442.785546
-41.18 498.301145
-378.20 327.053306
-326.76 378.455832
-369.93 -336.379321
-227.20 445.398294
496.79 56.572672
405.71 292.233173
186.44 -463.941070
344.88 -362.023484
-498.77 -35.016907
-191.37 461.928257
492.05 -88.833637
499.75 -15.821555
78.08 -493.866424
-401.33 -298.218306
492.15 -88.278952
-265.96 -423.399347
14.52 499.789076
-475.82 153.613611
-307.19 -394.507177
-166.20 -471.570254
-407.98 289.055061
272.31 419.340666
-10.68 -499.885933
-381.84 322.802639
489.09 103.900158
396.93 -304.045578
-328.91 376.588400
463.46 -187.625770
479.99 -140.041465
-487.21 -112.382180
-329.18 -376.350387
-468.23 -175.388529
91.44 491.568318
-443.14 -231.583480
210.61 -453.480702
20.73 499.569880
-104.04 489.055262
-304.10 396.890903
418.78 273.174958
-306.77 394.831547
454.70 -207.968023
419.91 271.434894
31.26 -499.021634
-171.26 -469.755671
497.47 -50.248911
-288.97 -408.042887
-50.15 -497.478707
407.35 289.944216
-482.81 -129.976835
-270.07 420.786386
410.09 -286.046696
-417.28 275.451144
-478.74 -144.234625
-392.75 -309.428344
-346.29 -360.671022
489.42 -102.311343
452.36 212.994864
-307.50 -394.262627
39.45 -498.441041
3.20 -499.989753
494.41 -74.573966
-177.70 467.355491
85.78 -492.586713
-286.43 409.827023
477.81 147.299475
-234.16 -441.780783
-492.79 -84.607472
-260.25 -426.932526
-345.54 -361.388645
-436.45 243.948663
-170.43 -470.058016
481.36 -135.262816
-106.65 488.492554
198.08 459.091215
352.74 354.365602
424.78 263.739055
362.02 344.881322
-7.95 -499.936782
490.88 -95.085290
286.92 409.480665
497.69 -48.009437
-479.18 -142.779178
486.87 113.839639
-486.20 116.673937
-148.19 477.535782
-499.74 -16.052156
97.18 490.464226
-497.73 47.625883
-498.80 34.668344
-339.96 -366.644616
-174.65 -468.503816
433.32 249.467844
348.35 358.678045
461.11 193.333613
471.29 166.987827
-315.36 -388.008805
382.27 -322.285903
-290.89 -406.674316
447.67 222.691817
-414.32 -279.884305
-494.34 75.039697
-233.13 -442.322625
347.32 359.680232
-481.29 135.500042
23.91 499.428087
489.31 102.842199
161.48 -473.207884
499.94 7.698520
432.35 -251.147614
173.70 -468.859077
-263.39 425.001422
447.27 223.496478
451.22 215.400468
-440.09 -237.310842
-302.19 398.350341
-71.93 494.799240
-89.07 -492.003392
-397.32 -303.538636
149.56 477.106591
-332.14 373.745839
-493.51 80.271639
220.16 -448.918787
487.89 109.358772
-0.12 499.999986
-450.28 217.367161
-478.73 144.271547
174.48 468.569563
-499.21 28.044399
491.88 89.760736
273.04 -418.865981
-385.12 318.882351
-29.76 499.113283
375.93 329.661005
-236.77 -440.386589
-184.09 -464.876095
-497.29 -52.030902
496.99 -54.792339
396.56 304.527734
-499.94 -7.795828
-312.24 390.521378
343.23 363.587304
-386.97 316.623359
380.07 -324.877214
-470.84 -168.252008
42.83 -498.162489
-493.32 81.479752
-489.65 101.212840
414.77 -279.227111
465.78 181.802323
473.75 159.880721
-36.20 -498.687515
-452.71 212.261069
290.01 407.301974
109.04 487.964841
440.49 236.584990
-297.72 -401.699094
176.05 -467.981639
496.84 56.131423
-471.05 167.679686
439.18 -238.997652
278.95 414.957015
498.97 32.089042
-229.01 444.469609
-337.90 -368.544771
-153.88 475.732750
-414.19 280.078416
-320.47 383.798403
-359.29 -347.726281
-82.75 -493.105341
-121.15 485.100373
497.05 -54.240641
334.72 371.429429
467.11 178.344046
-484.68 -122.822194
395.22 -306.273505
496.02 -62.944389
497.94 -45.310017
248.29 -433.993492
-498.13 -43.212742
-99.20 490.060890
-127.02 -483.596952
-331.28 -374.501157
485.95 117.688810
499.86 -11.681695
478.37 -145.469242
-263.31 -425.052432
-217.03 -450.444358
-499.23 -27.779088
499.87 11.441433
498.29 41.272972
-459.85 -196.315877
26.08 -499.319349
232.24 442.792547
466.03 181.141955
-440.16 -237.188906
284.99 -410.832169
-307.03 394.633006
-489.95 99.720703
437.42 242.202424
400.98 -298.690064
264.03 -424.600600
352.31 -354.788615
-352.65 -354.455643
498.10 43.531250
499.38 24.989585
499.78 -14.785857
204.72 -456.169941
498.03 44.385940
-4.12 -499.983011
-306.15 395.310060
-300.47 -399.644213
-104.05 489.054348
-487.90 -109.313567
492.43 86.671093
496.19 61.620170
162.32 -472.919119
-422.61 -267.202300
52.37 -497.250173
481.85 133.498159
-165.25 -471.901946
-9.74 499.905061
-495.85 -64.275134
481.50 -134.766601
-431.49 -252.621197
-421.86 -268.394783
-468.10 175.738630
474.03 -159.040851
162.89 -472.724247
-482.05 132.776912
389.16 313.935460
96.03 490.690987
-487.54 110.915430
466.45 -180.060879
-380.99 323.798413
453.30 -211.001483
-120.87 -485.169415
333.56 -372.476066
-373.47 -332.446687
353.84 353.266219
88.49 492.107696
-434.54 -247.329822
231.74 443.056247
98.35 490.232100
222.50 447.765855
-377.03 328.404773
56.35 -496.814901
424.80 263.707693
442.11 233.536056
234.20 441.756862
-262.51 425.544426
499.88 10.887662
499.92 8.999514
-142.83 479.164284
173.15 469.060899
-494.37 -74.844554
-197.58 459.308101
-468.61 -174.374993
-364.81 -341.931573
-463.14 -188.425443
-328.73 -376.748597
367.98 -338.517740
-365.62 341.057924
-474.74 156.924586
-439.66 238.113754
-108.79 488.022265
264.08 -424.574154
-499.53 -21.785951
348.31 358.721967
-49.63 -497.530585
-427.39 259.496611
-358.99 348.036724
465.91 -181.464017
-298.20 -401.344066
-32.39 498.949833
455.36 206.503800
406.42 291.236701
116.17 -486.316182
28.32 499.197056
-391.66 310.805235
-309.11 -393.005973
-392.77 309.404521
14.31 -499.795121
-459.44 -197.272127
-48.14 497.676838
102.31 489.420771
494.30 75.267071
296.78 402.392846
328.95 -376.552153
498.23 42.022189
-446.72 224.586610
-20.28 -499.588710
48.95 -497.598547
-499.43 -23.824035
472.64 -163.142582
312.24 -390.517443
-388.42 314.852796
304.21 396.807577
242.26 -437.390037
-422.99 266.612766
-358.48 -348.558560
251.94 431.889537
-450.16 217.604454
489.93 99.833064
-247.44 434.479307
375.44 330.217806
-337.96 368.486850
499.93 -8.450447
473.91 -159.391652
499.89 10.591678
-150.97 476.661908
253.54 -430.947217
-489.35 -102.639111
-215.22 451.311137
-492.21 87.929333
100.72 489.751355
-433.88 248.500416
-499.98 4.167625
-223.84 447.098351
-490.84 95.262102
276.69 -416.464208
476.73 -150.764754
-40.30 498.373453
499.92 -8.817713
338.83 367.687546
180.71 466.203064
-498.02 44.414246
-18.71 -499.649853
-165.11 -471.951151
354.81 352.290270
-2.20 -499.995140
-476.45 -151.629185
494.37 74.828928
-442.81 -232.213772
-492.72 -85.034306
485.37 -120.075404
-319.17 -384.879303
132.46 -482.134093
-302.25 398.305937
-182.46 465.519508
257.51 428.586728
354.61 352.497179
-129.34 -482.982057
447.41 223.220485
-330.42 375.264200
220.03 -448.983947
-476.21 152.406531
439.51 -238.388252
134.82 -481.481275
461.11 193.330576
-248.90 -433.646992
-411.01 284.728989
496.51 -59.014168
-482.59 -130.801979
458.21 200.107169
-53.90 497.086021
-280.00 -414.244388
-408.03 -288.981236
-281.10 413.498917
384.78 319.291139
435.46 -245.711841
-499.90 10.057896
-431.51 -252.582244
-356.94 -350.137648
-145.08 -478.489806
-465.92 -181.444004
-168.02 -470.923130
418.51 -273.590394
-370.23 -336.054696
73.76 494.529574
433.17 -249.724687
173.56 -468.910099
-216.02 450.927183
-492.18 88.084223
456.00 205.094783
377.64 327.699399
333.89 -372.174909
-429.47 -256.033436
-32.33 -498.953971
-162.30 472.925081
462.81 189.227616
-63.14 -495.996943
-486.17 -116.772559
-89.71 -491.886661
146.84 477.952732
-409.16 -287.379557
499.84 -12.680849
-172.11 469.444745
224.36 446.834235
414.27 -279.962973
196.03 -459.970975
278.76 415.082378
-458.39 -199.686309
-496.89 55.654626
-309.41 -392.768035
-230.90 -443.492460
52.06 497.282862
197.28 -459.435497
-318.15 385.718466
361.50 345.422769
306.79 394.820054
393.08 -309.017844
496.00 -63.127855
-370.59 335.658164
459.64 -196.793868
-190.67 462.215978
-329.78 -375.822568
-237.07 440.222063
-499.45 23.382828
142.73 479.195987
-466.37 180.283597
-488.58 106.240801
-256.41 -429.247401
11.76 -499.861739
362.61 -344.257610
-453.17 211.282190
-56.43 496.804935
-312.52 390.299430
-480.90 136.892155
450.69 216.515009
487.60 -110.672448
25.84 499.331808
-136.93 480.884514
-499.34 25.748384
453.52 -210.529181
-371.35 334.808706
313.68 389.367516
-394.33 -307.420232
-445.58 -226.847530
-369.90 336.418536
-493.61 79.687520
-487.12 112.756283
396.50 304.615126
-16.73 -499.720165
-89.46 -491.931061
490.38 -97.600842
-462.97 -188.840604
-270.61 -420.440060
182.97 465.317321
60.89 496.278501
97.65 -490.371009
-351.77 355.327033
500.00 -0.753477
-461.29 -192.907055
-244.43 -436.179122
-78.87 -493.739834
198.79 458.784720
-172.29 469.377967
-300.12 -399.908946
197.34 -459.407662
-370.47 335.790206
-499.39 24.639598
-164.00 -472.338786
-44.80 -497.988810
-188.33 -463.176297
-467.51 177.307206
318.92 385.083775
-51.01 -497.391247
330.61 375.098996
-426.37 261.169956
377.79 -327.523387
413.09 281.708106
-434.97 -246.581553
-482.82 129.955313
497.79 46.965563
475.36 155.020649
-355.96 351.127534
-197.40 459.384756
51.91 497.298289
251.44 -432.179217
394.48 307.220937
-269.79 -420.964662
-499.46 23.201560
146.89 -477.936740
468.14 -175.617922
410.48 -285.497106
317.80 386.005819
-472.11 -164.658017
361.63 345.290621
-232.58 -442.613272
-343.06 363.745023
122.87 484.668501
231.34 -443.264006
66.86 -495.509121
462.07 191.018736
499.97 5.444337
421.47 -269.005165
344.45 -362.424458
413.31 -281.382657
6.02 -499.963729
-360.90 -346.054541
-496.77 -56.773396
480.68 -137.645227
200.82 -457.897499
262.29 425.677878
470.25 169.908458
-229.08 444.433194
-388.14 315.191691
-171.12 -469.807913
-279.43 -414.633597
483.26 128.313318
-495.10 -69.857414
355.86 351.235172
-313.74 -389.312533
188.66 463.043091
-226.29 -445.862390
-55.49 496.911620
485.04 121.400840
368.60 -337.834600
-498.58 -37.710953
498.79 -34.833239
-331.42 374.380415
-407.02 -290.401179
-8.72 -499.923921
-175.74 -468.096039
-474.55 157.482853
-18.88 499.643264
-477.24 -149.148224
247.92 -434.208407
53.84 -497.093277
-261.59 426.109047
-298.66 400.998298
-36.23 498.685305
67.41 -495.434942
-391.77 310.664789
-292.71 405.363563
-417.14 275.667528
271.36 -419.958657
-176.84 -467.683534
-404.03 -294.556208
-437.37 -242.289950
149.70 477.062292
457.82 200.998258
469.15 -172.912409
-490.90 -94.945249
438.46 240.321970
284.61 411.095515
201.77 -457.479894
-450.92 216.031003
-143.28 -479.031371
-181.71 465.814592
460.26 195.348609
-460.81 -194.037433
-369.33 -337.039958
436.21 -244.381559
-493.09 -82.856244
162.09 472.997079
226.27 445.872110
-93.26 491.224960
-164.32 -472.228205
497.93 45.489456
11.52 499.867324
486.47 -115.538894
-497.55 -49.413810
461.70 191.929669
-486.58 115.053883
273.04 -418.864782
-126.71 483.677171
-113.10 -487.040231
29.13 499.150625
-473.06 -161.920451
292.62 405.426833
-217.13 -450.393656
321.66 382.802064
491.55 -91.528107
-257.12 -428.825281
-448.76 -220.483415
437.30 242.429257
-457.67 -201.349183
499.63 19.280670
172.80 469.192148
-469.55 171.825236
468.69 -174.162172
487.20 -112.416647
-140.99 479.710973
499.74 15.997269
216.12 450.880942
-123.02 484.629969
-36.35 498.677107
469.99 170.613119
398.65 301.796514
308.45 -393.524272
227.59 445.198613
496.73 57.131339
-469.68 -171.454135
499.53 21.770893
-446.22 225.577464
-28.38 -499.194077
241.39 -437.871303
-474.60 157.338707
396.14 305.084158
-474.39 157.970845
-206.77 -455.242927
-391.01 -311.629812
-214.02 -451.880075
-487.95 109.096888
-67.07 -495.481622
-59.83 -496.407068
122.94 484.650308
498.17 -42.762572
266.56 423.020837
-496.62 58.074130
-434.98 -246.554363
450.34 217.240345
268.68 -421.675598
498.99 31.830252
362.25 344.641888
49.91 497.502981
357.07 -350.004236
-480.22 -139.249791
-437.75 241.614265
-422.47 267.430726
-429.52 -255.961225
435.18 246.208254
-489.84 100.272016
-365.12 -341.590891
381.60 -323.081048
267.61 -422.353903
440.96 235.704999
179.46 466.683420
-411.93 -283.392744
-232.19 -442.819665
-472.90 162.363704
-67.96 -495.360492
-349.71 357.353289
-144.81 -478.571917
-453.39 210.812015
499.78 14.692329
-195.98 -459.990135
-448.18 221.661318
445.88 -226.248747
-215.85 451.006502
-484.14 124.917959
443.28 231.308019
83.55 -492.970272
-491.02 94.347882
-65.11 495.742452
-496.00 -63.103827
479.22 -142.656842
-499.18 -28.632080
-492.40 86.836403
346.54 -360.429890
426.22 -261.419958
-464.60 -184.780424
-99.21 -490.058896
494.55 -73.625678
174.31 -468.631652
-152.21 476.270134
-214.86 -451.480273
-98.05 -490.292703
-163.83 -472.398995
-493.74 78.875196
421.38 -269.140561
-499.13 -29.443754
9.14 499.916380
-483.26 -128.306167
-59.90 -496.398534
61.01 -496.263308
-286.74 409.609885
-104.88 488.876769
-454.70 -207.967596
-477.45 148.453846
-297.62 401.771446
-281.84 -412.993781
-10.52 499.889415
487.23 -112.295908
-494.12 -76.444162
363.14 343.700025
16.89 499.714609
411.11 -284.579115
290.58 406.895076
-231.42 443.219987
500.00 0.027778
-22.25 499.504863
-454.86 207.618707
-94.96 -490.900390
-406.43 291.230399
-8.75 499.923493
300.13 399.899459
-413.66 -280.865873
499.98 4.694375
48.50 -497.642513
-415.64 277.919650
-499.54 21.504606
470.87 168.173274
189.95 462.513859
-52.66 -497.218742
498.87 -33.651810
-245.82 -435.401013
478.97 143.472844
478.45 -145.222520
-147.38 477.786136
-112.55 487.167328
-495.77 -64.870434
-63.66 -495.930761
-220.15 448.926874
436.93 -243.087167
349.17 -357.883900
-499.93 8.291750
390.28 312.545232
-202.88 -456.988679
-343.95 362.904971
160.84 -473.422646
294.50 -404.069654
-443.30 -231.267109
-34.03 -498.840453
478.86 -143.837111
-103.48 489.175139
-268.09 -422.053497
-219.29 449.348000
450.22 217.482767
-344.80 -362.097527
-488.84 105.058147
496.44 -59.534590
-320.50 -383.771223
-71.93 494.798977
493.38 81.111993
-420.39 270.681279
341.87 364.864348
422.00 -268.171255
337.64 368.779761
-204.12 456.436488
-69.16 -495.193605
-393.57 308.392285
-475.78 -153.736734
-239.20 439.071851
-120.42 -485.283182
-17.75 -499.684930
496.30 60.725621
-375.42 330.247113
76.10 494.174640
456.56 203.836505
279.89 -414.319341
-253.57 430.930578
-409.84 -286.410887
412.30 282.862920
497.72 47.658167
-373.32 -332.612094
412.42 282.687941
-92.41 -491.385526
500.00 0.694444
499.73 16.580110
474.48 157.705101
492.71 85.091847
142.89 -479.148542
499.35 -25.550461
28.31 499.197884
-413.66 -280.864813
-294.66 403.948688
-328.77 376.709189
173.11 469.076465
386.88 316.744626
-99.45 -490.008976
493.40 80.960868
200.89 -457.867767
-495.53 66.711928
497.55 49.433360
-455.24 206.767817
-304.99 -396.207788
-473.90 -159.431746
7.62 499.941909
-299.23 -400.576318
-161.45 -473.216939
194.84 460.474914
-497.55 49.431096
451.85 -214.077714
450.71 216.471518
497.84 -46.388421
330.99 -374.761192
62.53 -496.075063
-345.37 361.551401
134.77 -481.493394
-498.93 32.673981
499.29 26.681765
433.45 249.234517
-34.50 -498.808215
18.30 499.665039
-63.24 495.985050
495.97 -63.322372
-422.19 267.875435
407.99 -289.046485
81.27 493.350962
293.48 -404.811067
498.30 -41.221982
486.09 117.111835
188.95 -462.922745
362.54 -344.333272
39.46 -498.440782
-461.41 192.617871
432.09 -251.585993
180.95 466.110074
-497.09 53.889003
-303.28 397.520482
-476.57 151.278249
-262.95 425.272092
405.60 -292.386039
-496.95 55.129915
226.29 -445.861029
331.74 374.093850
71.68 494.835128
-499.64 -18.962093
481.04 -136.366621
-231.96 -442.940197
431.50 252.604242
447.87 222.297078
109.77 487.802252
250.03 -432.995751
143.17 -479.064482
-188.91 -462.938107
488.51 106.583192
-458.99 198.311069
499.99 3.361086
406.75 290.788660
-464.74 184.447380
271.68 419.751545
-494.74 -72.307784
264.99 424.004378
360.93 -346.014902
-237.97 -439.737203
-476.00 153.054913
131.63 -482.363100
499.03 31.164362
-97.69 -490.364600
-300.09 399.934727
-450.47 216.970124
456.37 204.281120
141.65 479.514617
-181.70 465.814991
289.46 407.691045
-232.76 442.520412
215.50 -451.175159
-116.41 -486.258734
86.19 492.514898
-66.67 -495.535658
-277.52 -415.912172
46.22 497.858988
353.64 -353.461975
-476.79 150.570896
322.45 382.133001
410.16 -285.949263
437.22 -242.569579
-478.80 144.064194
-465.75 -181.860296
142.15 -479.367789
224.79 446.619756
490.46 97.190361
-2.86 499.991817
-495.81 64.630523
276.00 -416.918929
499.80 14.241486
-197.25 -459.450020
498.60 37.436241
140.61 -479.820613
-227.87 -445.056324
-496.67 57.607441
-311.45 391.154071
485.45 -119.759604
-377.59 327.759787
-77.70 -493.925254
-255.98 429.503322
-411.56 283.928361
24.75 -499.387212
-497.64 -48.534476
406.59 -291.010130
-491.06 -94.153868
340.15 -366.465333
183.72 -465.024143
-490.70 -95.965607
-447.32 223.392588
450.88 -216.118931
-471.07 167.610819
-286.49 409.784934
-63.64 495.933786
-300.10 -399.927925
-366.67 -339.925879
-10.52 499.889377
249.17 433.488840
484.19 124.733115
368.51 337.934954
68.26 495.318859
499.97 5.693772
134.66 481.526381
479.85 -140.499806
457.04 -202.773311
485.71 118.667932
246.60 -434.960752
-325.56 -379.488192
141.71 -479.497789
-15.44 499.761492
445.83 -226.352711
-446.06 -225.898045
370.52 -335.726220
-460.91 193.805833
-498.62 37.110496
405.45 292.591166
326.63 -378.565986
304.33 396.714052
-332.19 373.696791
259.60 427.327968
198.79 458.784210
-494.19 76.024434
456.70 203.541098
-434.17 247.983583
453.19 -211.234562
19.16 -499.632784
492.46 -86.489306
-484.73 -122.634053
-330.31 375.359950
-365.38 341.320826
-495.44 -67.356630
-267.22 422.602604
122.29 484.813528
14.71 -499.783456
-180.60 466.244035
-213.69 -452.037180
483.77 -126.365313
238.76 -439.310087
157.03 474.701930
358.43 -348.606185
-473.56 -160.450367
-11.34 -499.871340
102.93 489.291185
-1.08 499.998828
-53.02 497.181295
-10.90 499.881269
82.21 493.195190
-384.81 319.253525
-332.28 -373.613485
175.77 -468.085797
-83.58 -492.965155
299.57 -400.323484
488.74 -105.507003
460.24 -195.394874
498.96 -32.211781
431.69 252.275339
-213.57 452.092232
