20
20 6
8 15
14 8 12 11
11 2
17 9
7 5
6 9
3 7
18 5
10 12
4 2
16 9
12 15
13 2
2 11
9 1
19 1
15 3
5 17
0
91
64 38
19 39 51
36 4
27 17
14 41 42
20 18 6
52 91
31 55 15 43 35 83
76 10
85 69
15 85
29 72
35 41
87 61
82 80
4 24
12 50 13 42
86 87 50 42
91 42
10 79 66 13
78 77
89 41
32 52
56 50
75 25
39 68
40 21 91
77 47 91 14
25 62
16 26 62 1 73 10 29 21 8 4
48 44
17 38
8 63 70
83 87
53 32 58
69 59 53 70
50 49
59 56
9 41
67 59 8 21 33
60 11
62 73
5 10
81 79
90 13
30 54 28
22 11 48 25
57 44
73 15
66 90
74 53
72 55 73 8 22
71 42 67
54 78
65 64
43 11
63 51 14 11 41
28 17 60
24 35 58
46 53
21 66 50
13 11
2 33
11 67
42 44 17 14 43 49 55 53 50 9 66
88 60 51 6 64
84 8
3 52
34 84
68 55
26 6 63 22 89 5
61 12
80 82
51 7
6 12 67 29
18 46 87 63 34 9 13 32 73 25 43 41 85 1 61 45 3 54
1 18
47 56 21
58 7
49 52
23 67 49
33 60 2 13 74 22 14 58
37 8 15 57 20 58
79 73 51
7 78
38 5 61 85 15 67 74
41 83
70 34 20 88 14
55 40 38 31 86 23 82
0
84
16 7
54 25
11 69
61 83
72 29
5 53
50 2
44 10
43 62
25 45 26 58 34
51 62 33 30 2 82 73 39
63 70 32 67
65 75
17 23 72
66 12
6 34
60 51 75 29 78 44 39 59 50 48
42 53
75 50
22 43
27 12 70
20 37 55
68 39
28 31
59 18 20
40 31 25 16 44 10 27
4 48
47 1
56 50
36 15 41 20 83 64 67 1 76 17 48 57 12 28
58 48 30 43
53 13
41 29 70 82 37 65
70 19
23 30
55 50
48 79
26 21 69 13 74
14 5 11
34 20 35
69 13
37 12 82 55 58 57
84 79
83 24
78 26
7 47
3 84 26
33 18
39 43
49 67 1
82 38
64 73
29 51
74 67
30 11 4 41 10 56 24 38 84 6 34 72
1 64 17 60 22 59 42 7 16 70 55 67 24 65 27 30 82
38 15
52 19
13 36
77 43
31 29
57 1 78 4 36
10 6 67
71 31 8 57
79 58
73 36 14 33 57
12 23
62 16
80 44
8 21
45 59 17 32
18 28
24 12
2 7 6 50
9 71 17 78 8 72
15 23
81 69
76 25
19 75
67 77 44
46 17 20 9
0
50
21 45
47 23
31 23
14 38
6 27
43 29
8 21
12 34
10 12
40 28
23 37
48 27
26 17
18 50
37 31
50 9 48
49 36
9 45
39 27
15 30 24
17 23
38 7
42 40
5 30
41 33 7
35 8
33 50
32 23 22
44 3
36 24
25 44
28 38 16 5
4 34
7 11
1 32 36 15 47
3 20
30 50
20 42
22 28
34 21
19 14
46 41
45 32
13 10
24 29
16 15 36
2 39 17
0
86
39 60
79 59
80 5
76 20 33
77 13
34 55
42 22
72 37 38 80 11 61 21 48 73 46 23
23 18
10 18
49 51
17 58
81 51 61
8 70
13 52
12 43
41 79 76
67 30
56 78
26 32 71 55
68 45 78
74 50 6 61 58
38 84
7 37
31 70
16 67 53
30 58 34 32 46 36 82 16 69 83 1 67 11 41
70 8 7 54 63 68
25 9 11 65 69 7 61 70 63
48 73
2 12 58
47 39
35 45
28 42 51
22 16
85 76
21 5
36 23 10
64 56
59 46 19
20 72 76 85
19 14 77
69 35
37 59
45 10 55
66 83
5 83 76 1 33 46 49 64 56 30 59 65
3 41
71 2
62 25 71
52 43
65 77 36 69 38
14 16
24 21 39
61 60 86 40 73 82 45
57 19
29 72
60 12 11 2 44 59 73
40 26
63 61
84 2
73 63 2 71 4 62 39
82 17
75 73 13 56
50 70
32 56
4 48
9 47
55 47
83 16 54 52
27 31 43 51
43 45
15 61
0
54
37 54
27 18 35 25 52 1 16 53 41 40 43
26 44
42 48
34 36
32 35 21
51 44
49 34 12
54 40
1 36 7
17 8
8 14
52 19 33
9 21 31
39 15
53 48 24 32
15 19 40 25 1
33 14
2 44 20 26
23 15 17
48 3
41 25 52
7 15
36 7
13 4 53
35 2 31 54
45 26
28 36 38 5
40 33 25 4 23 32
5 49 38
44 23
50 49 31
18 27 32
4 10
11 46 3
46 43 5 41 15 52 39
30 45 35 3 10 43
21 52
31 19
43 19 22
20 42
16 4
24 36
29 9
22 33
6 9
14 39
47 7
0
86
41 72
53 84
35 16 3 54 23 77 47 81 33
1 38
64 47
7 16
22 18
58 78
75 73
60 77
68 7 18 22
30 19
80 15 33 42 4 24 23
14 33 58 69 65 70 57 81 62
70 53 72 67 68
11 49
23 61 24
6 54
3 49 40 24 85 13 58 47 27 21 37 2 16 28 68 14 33 12
71 75 37 19 65
85 3
82 80 79
77 37
59 65
42 82
46 79
45 54
54 28
84 33
47 30
13 75 41 12 26 43 23
36 71
17 25
37 76 30
15 66
24 9
34 80
43 25 76
81 79
28 13
38 48 64 17 51
29 41
33 53 14
4 24 79 76 75
20 27
5 20
26 78 52 14 82
73 59 86 75 49 6
52 49 3 45 51 2 21 77 71 64
66 30
78 60 81
72 71 16 50 85 53 80 64 2 82 83 35 49 31 32 84 52 25
57 7
2 28 44 55 23
40 30
16 32
51 35 62
56 8 55 81 65 62
50 67
18 66 72 15 27 57
65 37
25 30
39 21
12 26 59
32 68 22 10 20 40 74
49 7 6
48 33 69 15 62 26 65 31 73 79 25 77 43 10 35 5
62 19 47
79 82
63 14
0
13
12 7
7 9
9 6
8 4
13 12
10 2 5 8
6 9
11 13 10
1 4
2 7
4 5
5 7
3 8
0
19
12 6
10 14
2 19
18 15
17 11
8 12
13 15
16 8 14
15 1
6 14
1 2 19
14 3
3 12
11 14
7 6
5 17 19
19 10
4 9
9 19
0
41
8 29
29 20 28 31
11 41
38 21
34 27
2 27 19
39 21
25 1
17 24
1 3 24
23 29
32 39
20 8 14 13 38 41 17 24 3 1 11 40 4 39 30 27 22
12 10
27 5 26
5 36
33 23
37 22
10 23 32 24 11 28 7
22 3
31 4
41 23
9 14
15 27
4 38
13 39
40 19
14 41
21 24 28
30 25
7 19
6 17 14 8
28 39 11
16 12
19 37 26
18 2
3 32
24 3
36 23
26 6
35 12
0
13
2 8
5 8
6 3 4 8 13 11 9
8 7
7 9
13 6
1 7
9 13
11 8
10 12
3 12
0
67
27 5
20 26
6 4
12 22
38 17 20 51
58 43
47 37
66 6
50 35
34 48 60
2 1
53 6 22
37 49
23 48 63 25 49 13 42 19 65 5 44 64 58 2 9 40
29 45 53
18 12 16 15 26
8 2
15 65 58 14
67 35
45 53 15 35
43 47
39 7
59 41 19
46 23
64 29
44 56
30 23 33 7
3 21 59 40 18 15
1 11
5 11
13 51
21 10
9 19
54 62 46
32 65 10
55 21
24 40 26
22 62
31 54
10 67 38 52
33 52
16 51
63 7
4 23
19 45
57 14
7 22
36 21 51
28 8
56 6 43
41 27 36
11 30
52 19 26 42
17 40
25 42
48 10
65 42
49 40 33
62 56 41
60 21
51 32 37
26 23
40 32 11
14 36
42 51 20
35 60 19
61 47
0
66
52 28 24 54
53 57
47 9
2 5 21 51
25 43
41 32
49 35 39 23 51
45 31
9 47
12 25
6 56
16 42
24 40
27 24
63 65 42 10 9 28 48
21 5 53
13 34 18 46
38 63
43 37
54 29 4
51 28
66 63 65 41 22 35
28 4
3 53 15
8 62
36 43 2 35 46 40 37 32
64 48
35 62 33
57 53
65 4
15 22
1 26
19 5 53 62
46 66
14 45 55 53
5 33 19 30 57 7 62 43
4 62
42 17 49 53
10 61
32 37
60 18
39 3
18 1
40 41
58 34
37 52 62 6
26 10
44 38 1
29 35 52 17 33 61 40 53 11
34 11
22 6
55 35 31 3 13
62 25 3 12
20 3
56 64
30 59 50 26 49 38 42 36
0
80
28 30
46 58 42
35 21 33 56 34 64
25 26
72 54 47
3 23 12
8 64 11 67
27 43 33
13 27 71
58 60
15 8
39 46 7 6 59 70 75 38
12 62
40 53
11 62
2 3
49 11
16 56
17 26
70 4
61 29
66 25 68 79
65 9 52 63 79
18 4 54
41 61
52 73 36 49 7 66 24 77 47 48 71 40 64 26
33 32
47 64
37 64 18 5
1 53
63 72 19
4 79
31 80
21 19
9 24 42 25 64
56 36 9
30 31 38 14
67 34 77 15 47
64 41
43 14
69 66
79 41 40 78 42
53 56 71
23 77
71 26
60 46 9
59 72
44 3 34 1 68
29 22
14 52 49
75 58
54 33
77 34 76 51
51 27
73 47
68 24 22 62 75
45 17
26 54
20 48
7 73
38 25
78 47 2
48 52
80 64
74 2
76 66
10 68
34 28 37
6 9 47
42 27
19 76
36 9 35 64
24 54 75 38 34 36 39 11
62 73 1 48
32 59 57 14 13 21 17
50 56 27
55 39 5 38 41 68 52 61
0
72
7 4 39 18 3 36 6 31
13 47
14 39
40 69
23 6
15 27
37 2 67 68 21 22 8 59 10 23 61
4 15
41 35
32 8 70 61 31
57 58
68 15
24 6
48 13 56 33 46 68 1 31 7 2
62 22
72 42
12 52
63 64
71 12
46 34
22 39
54 41
67 54
21 23 44 16 71 32
30 18
33 56
43 34
2 18 11 50 60
50 59 60
29 38
39 22 4 42 25 8
18 27
34 14
53 61
51 5
66 56 8
17 55 62 11 67 56 50 69 3
1 60
69 18
20 5
61 16
60 8 21 22 42 50
42 22
38 16
64 2 19 23 10 39 44 67 16 13 63 21 34 8 52 22 30 33
25 42
44 26
49 56
55 68 52 48
35 23
5 17
52 36
19 46
26 56
65 64
31 6
58 46
28 24 34 44 30 72 27
16 72
27 42 55
11 46
10 6
36 8 35 11
47 16
59 13 40 52
6 32
3 8
8 20
45 6
70 49
56 64
9 20
0
82
35 39
59 1
54 60 34 81
12 19
47 78 62 64 11 79 66 65 12 49 73
53 80
51 63
80 4 76
70 49 11 51 29
48 71 2
67 66 13
33 12 67 5 64 15 40 30 14 59 68 46 78 55 35 82
41 66
43 60
79 43
58 47 60
24 69
22 58
81 62
40 15 22
3 51
5 68 60 78
74 79 26 9 13 49 15 67 3 77 25 32 47
31 76
18 56
29 18 82 9
78 11
57 33
75 2 79 14 3 8 38 81 42 11
27 2
63 27
49 40 7 14 38 51 26 78
77 34
46 52
56 82
11 39
71 36 46 8 76 53 59 62 26 64 50 44 37 38 25 30
64 17 31 30 7 56 46 60
9 6
28 18 56
61 8 64 26 53 43
34 49
20 64
55 3 50
42 58 68
50 31 46 55 12 44 27 3
21 80
65 39
76 23
37 33 8 24 22 5 46
4 58 33
23 34 2
26 27 48 13 34 11 18 49 36 68 66 51
45 14 51 24
17 21
82 35 26 67 22 9 27 50 61
36 31
52 53
62 26 71
39 25
68 6
69 75 56
7 63 29 2
15 66
2 80
60 50
30 27 44 38
19 14
72 49
66 76
73 24
16 22 49 69
8 52
6 43
44 15
1 51
13 34 37 19 74 41 44
25 15
38 78 71
10 26
0
23
7 13 23 2
16 18
19 17
15 10 23
14 15
6 17
11 17
17 7
3 16 14 15 2
1 2 19 3
22 7
8 13 15
23 21 17
18 8
13 10
20 21
10 16
9 13
21 15
2 15
12 14
4 10
5 2
0
69
60 41
6 23
50 41
29 64
7 40
11 10
44 13 23 42
47 57 20 31 34
41 53 61
25 49
2 31 22 19 53 52 27
64 53 51 7 68 16 43 47 60 22 48 59 17 3 44
8 52
14 28 46
26 40
40 26
68 42 64
20 9
49 34
55 49
32 44 6 57
10 44
69 64 18
52 40
43 37 5 57 47
59 8
36 69 7
19 64
66 67 28 45
51 10
13 18
33 1
17 64
65 39
28 60
37 50
5 21
54 17
4 31
9 52 46 55 18
67 62
3 67
16 61 69
1 6
18 58 52 33
56 22
63 48
24 66
46 52
30 31
21 36
27 30 47
35 62
58 11 55
15 58 41
61 5
38 65 16 52
62 7
48 27 31 38 34 53 29 26 2 18 68
42 35 55
53 31
57 22 27 8
23 40 13 41
45 69
39 53 1 23
12 2
0
39
33 25
17 27
1 28
37 21 34 14
27 18 38
14 35
19 16
24 22
23 36
5 6
35 16
9 5
38 16
4 38
25 28
34 30
7 38
39 28 1 19 16 24 38
22 16
31 7
26 36
11 3
36 18
6 38
13 2
3 14
20 32
2 15
18 8 25
16 29
28 37
21 38 19
12 3 26
29 12
30 34
32 35
10 13
15 1
0
74
37 23 18
34 69 58
3 46
58 70
44 42
55 18 50 45
73 65
52 50 40 30 7
26 22
6 37 63
2 57
25 32
50 34
28 16
12 50
64 43 29
61 52 28 65
68 70 35 60 59 58
7 74 67 28
5 55
43 8
38 36
31 49
35 14 43
56 65 27 51 34 9 12 42 11 46 64
41 14 25 63 67
46 17 60 26 7 64
18 5
54 13
51 54 13 1 18 38 60 7
17 13
14 39 22 27 46 73 8
53 15 48
70 18 50 19 9 15 13 38 17 58 46 69 32 42 3 21 35 59 63 33 36 57 52 22 49 14 67 27 26
72 36
57 66
67 33 1 18
33 34 51 54 35
20 44 72 18
40 35 16
69 55
74 51
49 44 45 62 56 38 27 7
60 42 14
42 66 70 57 3 14 47 58 34 6 74 67 33 52 43
62 36
23 24
16 66 21
32 71
63 19 2 18 45 35 54
9 47 52 67 21 71 34 3 18 11 29 65 43 44 60 70 5 39 15 61 69 2 10 68 40 33 63 4
0
37
13 25 21
5 4 27 31
27 26
29 34 26 17 32 8 10 20 14
9 11
3 4
12 31
35 32
21 2
34 5
24 14
10 8
37 31
22 12 24
6 9
32 22 17
20 15
28 37
30 13
26 10 12
23 14 35
7 37
18 21
16 7
8 7
36 25 33
11 21
19 26
2 25
33 2
15 36
4 26
1 37
0
47
19 3 26
22 4
7 32
16 10
20 33
41 5
27 13 18
32 14 28
14 12 22
9 45
15 17
45 25
3 46
47 2
30 35
4 12 16 47
33 42
24 19
17 10 41 32 47 35 31
36 7
26 23
44 17 27
1 31
43 23
8 42
38 11 21 36 41
31 17 10 34 32 24 9 5 47
23 11 18
11 7
5 25
13 15 20 31 5
46 27 17 11
21 31
6 35 39 43
34 7
25 13
35 44
40 16 21 41 1
12 45
28 18
42 8
37 44
2 21 27
10 37
29 16 47 17 46
0
55
13 54 53 36
1 30
46 28
28 29
12 42
19 8
36 43
43 17
2 46
9 20 8
34 24
54 37
15 25
55 5
52 54
37 28 45 30
47 10
31 19 45 8 4 23 32 13 42 28 15 12 55
4 50
5 45
32 45
42 41
49 27 51 20 14 41 15
33 4
6 35 28
16 48
35 47
7 3
14 9 41 52 37 20 44 16 54 10 40
53 20
27 34
39 25 31
3 35 27 37 28 20 1 6 33
8 52
11 35 41
10 32 18
41 53
26 39
51 10
45 29 18 42 10 37 23 14 51 6 12 41 48 31 54 27 52 17
29 19 43
38 42 52
24 25
21 1
17 54 27 6 10 46 47 7 2
40 32
22 3
0
66
54 23
7 48
10 47 43
21 31 41 14 6
63 9 60 50
41 39
57 25
13 18
37 24
45 43
55 9
25 54
23 24 43 65 10 16 64 51 2 13 56 39 9 18 32 40 63 41 45 29 34 53 15 3 8 57
65 55 40
15 33 13
47 61
27 34
53 34 14 32
11 35 28
51 64
64 7
52 29
17 46
59 2 35 28
46 4
29 22
4 65
35 53 49 44
40 45
2 20 17 65 35
22 31
66 28
6 56
18 16 56
49 35 65
60 47
36 59 5 44 48 51 37 65 31 57 25 46 23 21 4 16 30 56
12 61
58 21
42 20
1 21 36 19 46
5 29
48 9 28 30
20 2
56 43
30 58 65
34 57 41 36
38 30
32 4
50 40
3 66
28 13
26 29 20
24 44
8 66
43 33
61 49 17 46
62 30
0
14
3 5
2 13
14 8 11
10 4
12 3
6 13
1 13 5
8 14
13 5
7 10
5 12
9 2
11 10
4 9
0
78
32 59
56 61
11 32
58 17
2 43 47
49 57
36 68
8 45
63 31
54 57
13 38 34
19 33 1
44 21
22 31
68 30 64
67 11 64 6
41 54
47 70
43 14
48 1
62 10
60 21
73 26 51 21
34 22
74 66 53 72 30
24 73
1 66 49
69 20
31 29 9 40
5 48 61 18
77 25
15 38 10 72 27 42 71 1 40 70 32 39
51 75
40 7
38 49
25 64
72 5
10 73 32
53 73
27 64 49 34 23 4 57 6 13 74 35 20
7 26
59 16
17 43
42 26 52 67
50 19
29 35
55 5
71 69
45 24 26 27 35 10 11
14 23
37 25
26 76
16 13
66 57
3 10
65 47
23 3
12 10
39 55 51
52 54
30 73
18 33 8
46 63
33 6
78 29
61 11
70 69
6 27 68 32
4 53 31
57 36
21 72
75 28 60 47 2 40 29 16 61
0
64
19 38 40
11 4 25
7 14 23 9 49 33
25 16 48 21 26 47 4
51 15
40 52
56 19 11 62 2
32 60
58 44
54 57
24 59 58
26 8
50 55 33 25
48 57
52 49 3 7
34 18 33 36
8 5
6 36
46 27
18 11
49 16
3 9
21 28
14 47
9 2 39
5 9
30 29
61 35 45 26 37 2
29 38 32
15 21
10 24
42 48
1 13 23 27 64
17 63
59 49
44 28 13 22
28 24
27 37
22 35
63 6
57 45
60 17 36 61
62 15
35 54
12 20 55
23 31
38 19 16
39 24 9 61
36 27
33 5 18 55 36 40 45 59 49 41 64 35 6 37 20 62 26
45 52
16 60 9
2 7
20 47 37
53 48 54 2 37
55 2
31 9 57 60
47 58
37 16
64 41
4 3 43 28 39
0
55
25 42
2 20 33 7 52 18 14 54 34
35 49
42 1
24 48
40 10
9 36
41 2 1 49 40 29 8 22
53 29 54 50
23 7
36 29
30 36 47
29 7
44 1
32 55
48 34 11 29 6 47
14 7
49 41
10 41
22 45
4 26
33 36 25
13 46
12 44
1 43 53 15 14
18 44
19 37 32 23
37 23
51 21 10
16 4
15 30
54 53 31
20 44 9 6
21 54 28 11 39 13 36 32
43 32
46 26
6 15
7 10
28 26
27 43
17 9
55 1
52 1 44 28
38 55
11 43 50
26 41
45 22
5 16 50 13
34 35 15 32 30 46 1 41 54 48 18 21 39
39 19 15
3 7 47 42 36 38
0
47
5 26
27 31
28 5 15 2
8 15
29 43 6 28
38 33 45 9 39 37
24 17 33
19 40
3 23
20 25
40 24
6 26
25 1
31 32
23 9
44 17
14 3 36 11 35 8 13
2 4
1 34
46 2
21 7
34 22
15 35
30 31
36 33 35
37 31
7 37
26 13
39 14
18 11
10 7 13
22 39
4 2
42 4 41 8
45 42 9
12 18
43 14
47 7
13 36
32 29
35 27
41 4
9 38 26
16 1
0
59
49 9
44 19
14 37 25
18 2
31 17
4 41
36 52
58 7
41 29 37
27 45 41
46 27
1 28
42 46 50
29 50
25 9 14
16 52
59 51 38
6 28 25
48 17 24
53 18
47 46
39 37
12 13
33 43 39
51 14
5 30 59 24
32 59 29
20 43
2 19 36 11 18 4 53 54
10 11
15 57
8 33 13
40 9 19
24 12
13 1
37 59 35
30 18
52 48
23 9
43 23
21 44 46
35 5
17 57
57 41
26 5
19 10
56 34 53 49
28 32
50 58 38 22 44 46
54 51
3 13
7 14
9 27
45 56 23 9 43 13 27 38 39
11 8
22 17 38
55 16 1
0
22
7 9
5 16
6 12
18 3
8 22 18
22 20
11 7 19
2 9 8
12 16
21 12
10 18 5
9 10
17 5
15 4
19 7
20 1
14 10
3 9
16 4
4 3
1 12
13 16
0
67
11 23
32 64 67 25 49 28 21 37 35
1 5
27 63 57 24 34 65 53
49 45 50 28
46 14
41 26 4 31 60
18 30
40 24 54
58 9
64 56
34 10
65 2
2 57
60 14 16 25
62 65
26 10 62 27 14 51 19 18
39 44 4 21
3 5
24 61 51
9 43
21 53
31 64
50 38 67
44 37 43 11
51 57
14 66 45 8 52 2 6 38 44 33 28 26
59 16
25 5
5 9 62
47 67 14
35 40
30 28 64 61 3 6 56 17 52 46 8 24
17 67 8 55 4 64 18 59 44 1
33 67
52 55 61
67 42
4 41
28 35 44 5
48 28 13
20 42
56 55 6
38 46 63 22
15 43
10 31 47 17
36 9
57 50 59 64
66 33
61 18
19 36
55 15 24
7 54
54 37
37 59 56
22 23
42 20
16 7 5 27 43
43 5 3
53 31
29 58 10
6 34 45 65 47 61 28 12 37
0
66
66 17
24 55 33 34
31 50
54 57 52 53
20 46
2 25
37 49 10 14 9 64 3 60 48
1 10
8 60 30 24
34 36 30 39
27 1
50 25
40 23 6
13 28 3
32 26 21 50 8
56 2
49 60
30 44 12 52
33 32
7 43
59 44
9 35
26 51 54 34 36
48 13
19 45
22 12
28 2
65 27 63 28
5 7 37 9
63 17
57 24
18 28 1
53 31 41 20
11 42
3 4 18
43 59
35 25
60 51
51 25
58 61 49
16 15 45
15 39 33
61 64 11
44 35
6 62
55 22 6 31
36 10
17 61
25 31
42 29 48
41 42
52 22 13 2
62 37
21 8
10 24 48 53 42
38 66
12 23 22 2
39 38
14 13
64 48
29 12 65 23 14 5 9 44
23 45 41
46 26
45 32 22 6 54 15
4 19 62
47 26
0
34
14 33
26 7
31 5
20 31
23 13
6 7
29 32
15 16 32 4
19 2
8 9
21 13
22 14
11 23
2 14 17
12 23
3 30
7 2 22
1 26
9 22
13 20
24 28
32 13
16 19 13
33 22
28 22
5 21
25 24
27 3
10 26
17 13
18 17
30 16
34 15 10 33 25 24 31 29
0
86
12 77 71 22 54 37
31 17
76 12
81 42
26 18 68
61 27
25 83
83 62
46 59 64
32 33
28 11 74 15 43 49 53 75
11 16
23 64
63 84
18 34
85 80
60 73
51 25 72 69 84 16 82 7 30 15 50
78 19
80 11
10 67 25
66 78
67 4 22
75 19
73 34
84 33
17 46 73 64
57 72
42 31 46
5 69
65 37
68 30
53 57 72
8 55 58
29 34
35 27 82 74
45 59 70 50 81 39 13
16 45
36 50 76 67 23 25
2 48 22 62 30
55 44
79 74 5 69 44 75 29 83 2 58
19 57 38
48 13 37 81
24 75
14 71
34 5
58 64 24
30 28
9 43 19
37 7 2 63 58
22 58
56 25
6 27 36 83
33 85
13 67
4 63 59 67 81 33
7 38
71 49 37 22
21 37
47 43
70 26
27 11
59 48
86 36 15
74 84 62
44 15 77
64 60 20
43 68 84
50 4 74
52 50
1 57 30
3 33
77 84 21 43 27 28 52 7 71 82 4 11 61 40 6 59 15 79 22 39
41 71
0
76
21 17
8 60
51 66
74 18 24 76
24 67
18 15 28 48 53 33 45 67
33 3 4
47 67
68 49
65 24
3 57
22 17
35 24
5 33
16 75
75 33
57 10
66 3
67 10 55
53 19
38 37
17 23
27 32
41 46 48 17
64 72
76 29
26 71
32 46
2 50
59 32 53 26
37 38
11 21
71 36
4 28 45
63 65 37 56 75
73 64
28 70
7 38
55 8
12 11
49 71
61 14
62 75
9 16
60 27
14 73
36 58
6 46 28
31 1 63
72 35 45 76 38 59 22 23
44 63 68 66 17
69 43
39 9
13 73
45 71
58 1 30
43 41
42 13
40 14
30 48
48 58 7 62
19 22 60
10 37 70 40 3
25 74
46 40
34 19
54 73
1 6
56 20 10 27
29 18 19
70 75 57 10
50 34
15 22
23 38
20 65
52 47
0
53
37 25
7 39 18 5 43
28 26
42 36
12 28
17 2
53 9 29 38 37 27
18 5
45 34
11 45
32 37
13 33 43 25 34 36 9
23 41 27 14 19 21 44
50 42
10 11
47 11
8 7
29 5
36 12
2 25 53 16 15 38
16 20
34 41
43 41
21 38 25
49 1 16
5 19
52 48
31 38
25 52 22
24 53
9 30
3 10 34 19 26 45
20 38
33 38
19 51
15 2 50
38 21
40 50
26 16
48 37
14 28 15
30 39 43 40
4 18 5 29 24
1 9
41 20
6 19 11 38
46 39
27 2 5
44 1
35 17
0
60
23 45
49 42
38 17 33 49
32 54 45
35 55
37 27
9 52
52 48
58 33
24 21
16 1 10 46
34 12
7 48
2 6 5 52 23 35
45 30
22 3
60 12
44 32 55 21
27 37
29 25
13 42 21
4 44 36
50 40
10 32 31
42 8
56 22 51
39 4 31
33 34
41 17
30 57 31
19 51
51 35
3 57 28
59 26
48 18
47 6
40 12
43 12 15 57 21 3 45 58
28 16
17 21 28 9 49 56 51 60
20 58
11 50
8 3 60
18 17 29
55 27
25 2
26 3 43
46 11
36 45
5 44 34 20 46 11 53 12 23 32 42 3 10 9 27
15 49
1 3
12 41 30 60 3 4 55 23
14 51
0
32
19 21
32 9
18 1
23 31
6 12
3 30 26
21 19
8 21
22 4
1 17
5 28
17 2
11 8
15 28
28 7
10 27 19
25 1
2 27
31 18
26 30
24 7
7 5
12 22
29 4 31 19
20 32 15 1
16 30
30 4
14 21
4 16 9
9 19
27 20
13 16
0
93
28 50
39 30 87 82 48
8 6 62 57 15 84
76 92
90 11 47 85 16 66 62 45 32 71 86 37 49 5 29 39 48 64 67 18 60 61 36
70 2
52 72
63 49 54 15 67 18 76
9 10 60 6 59 27 29
46 20 18 44
10 54 71
34 68 60 89 18
38 70
91 66
11 23
77 4
93 25
58 16
41 42
36 74 1
51 69 36
12 54
57 56
55 68
45 41 25
88 92
56 67 59
33 31 43
79 89 78
71 88 87 15 53
44 65
14 16 28
26 63 14
64 42 12 6 16 24 40 18 69 75 50 20 90 77 43 81 3 13 9 21 32 34 45 52 5
7 79 16
75 18
18 35 48 74 39
47 39
23 4 58 11 20 16 34
4 60 48 27 15 1 45 62 88 84 82 43 9 47 31
25 83
6 64 8 46 76 72 28 65 66 16 53 13 24 5 44 42 35 90 32
43 9
68 24 91
89 27 32 4
21 1 65
72 11
22 79
19 75
3 23
50 40 27 31
53 11 83 2 86 55 82
5 31
1 93
86 29
35 19 48
80 41 15 10
20 85
59 3
2 69
85 50
78 86
81 57 51 63 13 40 46 66
42 91 45 32 58 23
24 4 61 43 73
30 90 32 86 69 59 48 66 8 77 29
60 67
82 91
83 60
37 59 65 91 39 4
16 81 29 10 18 92 67 53 36 1 71
61 35
49 56
54 75
32 55
69 77
67 85
65 53
31 13 85 88 48 56 10
15 16
87 39
40 7
74 1
62 9
17 59
0
35
35 1
25 17
18 24
3 15 6 31
30 14
24 34
29 21
2 7 16
11 14
13 5
27 25 2
34 15
31 22
19 15
28 21 5
22 9 30 21 26
9 25 22 5
12 11
16 27
33 10
23 19
14 9 31 32 13 16
21 16 31 24
7 19
6 34 27
15 6
5 35
10 31 3
4 17 24
8 23
26 35
20 34 28
0
6
1 5 4
2 5
4 3
6 3 2
0
20
13 12
18 4
2 13 12
15 4
1 20
9 13
4 5
3 7
19 17
6 7 4
17 5
10 8
7 19
16 19
5 18
12 7
14 18
11 15 5
20 6
8 12 15
0
62
4 32
26 33
11 56
8 52
2 38
31 45 5
43 30 46
3 10
49 32 42 3 13 47 43 16
29 13 41
46 58 8
28 6 58 42
50 36
37 9 15 16
14 6
38 41
10 26
34 16
54 13
57 49
30 1 44 53 34
25 16
5 27 9
32 53
23 48
41 50
6 7 23
13 41
19 57
16 32 36
1 43
21 62 48 25 51 13 19 2 27
40 42
60 3
12 26 52 4 1 62 20
42 45 10 11
35 4 39 18 37 61 41 26
22 6
52 37 49 34 39
33 49 61 32 6 26
58 37
20 16
56 5
9 6
62 48
48 6
27 28
15 56 24
36 32 54 35 62
45 38
17 53
59 46 52
24 43
51 33 20 22
47 21
55 24
0
82
36 55 42 30 73 12 32
27 64
69 41
61 52
54 37 9 68 42 26 21 27 22 33 69 44 75 47 43
71 38
24 78
44 35
68 73
45 66
20 34
10 52
3 30
18 52 25 73
1 70
32 19 76
7 70
60 78
67 11 82 31
82 38
4 2
70 74
35 65
41 79
55 30
33 30 57
59 3 76 45
58 49
38 39
63 67
56 22
80 61 52 39 48
16 45 8
26 36 5 52
21 32
19 7
31 48
9 73
15 54
57 26 64 35 80 65 19
52 7
62 48
46 57 45
6 1
72 73
13 73
34 69
40 42
42 31
76 66
8 59 78 62 15 38 21
51 1 4
29 1
66 22
65 43 14
5 46 21
30 20 61
22 27 80 48 16 62
49 41
14 59
23 11
12 9 7
48 27 49
81 48
78 44 8 6 72 31 36 32 55 60 66 10 5 42 57 33 51 53 56 79 1
17 56
50 72
39 54
2 76 34 55 38 41 14 54 45
74 44
53 72
64 52 43
75 47 44
79 18 63 67 64
37 3 36
47 27 26
25 54 68 2 79 14 11 12 51 13
28 33
11 51 50 30
73 19
77 71 19
0
54
50 43
9 49
51 43 36 26 39
16 13
35 37
15 2
13 30
37 49
12 14 19
19 40 47
24 19
6 7
33 40
38 17 28 29
31 42
5 51
4 2
17 38
7 10
27 21 5
28 9 18 19
49 43
26 39
44 47
23 30
32 43 25 27
2 53
54 8
8 54
34 30
39 50
48 18 22
14 33
3 45 37 13 39 46
53 10
29 32
10 3
40 37
30 17
43 35
22 18
1 49
41 11
47 29
11 51 46
18 8 7 54 24 42
46 28
36 21
21 48
52 11
20 25 50 22
0
20
5 1
16 19
15 18
2 14
7 4
14 3
3 7
20 1
6 15
9 16
8 2
19 1
17 1
13 9
1 3
11 3
18 19
4 11
10 20
12 11
0
5
3 5
1 2
5 2
2 4
0
95
68 40 37
1 35
56 57
26 24 31 69 53 37 77 92 70 78
19 30 85 18 65 42 60 21 95 82 68
57 24 90 41
5 12 51 89 53 80 76
67 36 71 2 50 48 52 87 75 81 92 76 68
11 18 35 25 93 6 68 16
33 19 49
4 59
8 57
47 63 92 36 32 1 80 50 46
80 7 54 28
36 49
75 68 69 38
52 25
31 75
24 93
40 4 54 11 37
50 30 42 87
45 42 57 14
81 61
49 33 67 42 62 11 9 26 44 63
65 56 69
84 73 15 16 88 64 45
10 79
61 14 23 48 28
82 19 65
78 83 81
14 73
74 57 77 81
34 55
15 57 11
54 51
9 3
76 2
72 19 63
85 6
37 63
23 50 44 15
46 70 20 49 89 25 85 92 90
83 65
89 18
87 42 78
43 33 71
2 31 8
13 54
94 44 43 32 42 19 77
59 15
62 79 4 38 91
71 24 19
79 5
17 92 80
48 16
93 33
18 12
60 36 62
27 22
22 85 34
90 31
7 20 24 75 93 65 82 41 74 29 35 13 23 83
69 94 3 7
25 28
35 89 23 73 59 32 30 21 6 14 19
6 4 28
42 62
3 17 86
92 33 51
91 4 58
51 91
53 90
41 77
28 9
16 78
73 20 95
88 73
63 53
77 79
70 32 48 68 89 77
20 91 17
38 14
12 13 38 9 88 8 30 93 85 95 42 4 17 53
39 26
44 14
95 32 64
86 56
32 3
29 15
30 65 29
55 36
58 79
64 66
0
9
6 8
2 6
5 6
1 7
8 2
9 2 1
3 1
7 4
0
20
9 12
2 4
17 11 16
11 9
13 18
16 17
12 15 8
8 20
4 17
14 6
3 19
7 18
1 8
6 1
10 15 13
19 13 17
18 6
5 6
0
62
61 20
27 59
47 56
45 58
50 59
57 38
24 8 16
20 13
15 37
48 25 50 23
17 57 48
5 1
3 5
8 47
38 19 7 45 4
9 36 11
4 32 9 31 16 46 52 40
2 62 20
51 31
33 2 12
59 43
10 46 50 51 12
58 24 41
54 13
29 48
36 8
19 32 52
22 21
40 60
28 45
34 49
62 15 59
49 11 3 50 33 34
23 53
6 56 40
21 61
52 10
18 29
44 42
35 1
42 33
1 11
43 26
26 2
7 47 52 19 27
31 41
46 20
55 9
37 34
12 22
53 46 5 50 41 8 43 14 35 49 51 52 7
16 25
13 26
11 7
56 39
60 40 26
32 62
41 29
14 49 44 9
30 22
0
85
81 75
25 7
84 57 2 33
80 66 43 65 82 48
11 16
62 11
60 37
45 8 33 15 14 16
70 24
65 49 14 71
85 67 50
20 81
53 51
21 79
55 75
68 85
71 4 56 77 51 16 70
82 23
23 13
43 22 37 51
30 58
56 16
73 69
3 33
42 3
19 41
46 36
78 3 7 26
6 43
33 55
7 4
1 62 43 37
26 37
34 37
2 6
39 60
83 6 13 28 17
14 18
18 67
75 56
27 61 7 4
15 48
50 8
72 70
79 50 15
57 35 67 5 63 22 80 43 37
59 73
5 70
48 22
44 42
49 38
61 16
16 10
38 7 27 54 67 37 52 69 16 56 82 31
77 13 73
51 10 22 75
40 2 55 30 23 5 77 43 41
37 15
10 44 81 65 13 26 59 14 61
28 10 65 36 53
31 30
47 26
64 63
29 19
8 2
24 39 1
41 54
74 72
67 2
54 28
69 26
12 8 73 29 72 71 35 54 19 13 21
9 65
52 1 6 7
58 83
4 64
17 29 60 10
76 44
22 31 85 40 18 3 66 50 38 7 53 41 44 79 13
36 47
63 56 42 65 74 54 58 72
13 68
35 83
66 1
32 72 39
0
87
26 77 62
87 74
82 57 22 52 58
68 60
4 22 70
46 22
53 69
1 74
20 56
67 37 48
60 46
54 73
72 16 19
36 25
64 54
6 3 85
85 75
79 74
10 34 57 73
16 54
12 36 25
18 36
61 58 16 34
45 35
50 75 47 54 77 20 56 51 42
43 64
59 46
78 10
86 45
7 29 56 69 52
83 42 26 64 8 17
63 39
55 21
73 37
11 67 54
48 40 58
70 8
56 25 9 49
62 38 58 56
30 28
8 38 3
33 14
3 27
47 22
35 17
84 44 16
25 86
9 8
29 8
80 86
71 10
52 86 31 59 6
15 63
32 75 18 46 38
27 85
14 53
57 66 45 68 51
24 59
66 64
5 65 35 38 37 77
69 14 41
28 64
13 59
81 85
74 46 63 7 77
23 84
39 72
76 10
31 53
49 42 7 77 19 25 53 20 58
44 37 21
65 56
2 58
0
18
15 17
6 17
16 9
13 9
9 6
2 3
12 17
14 16
17 3
11 17
7 8
18 12
3 1
10 6
4 18 2
1 2
5 1
8 15
0
45
32 8 12 43
28 16 39
19 14
18 6
2 9
36 14
23 14
16 2 9
14 27
39 3
34 18
30 21
9 32 4 3 1 2
6 26
44 12 11 41 27 23 22 29 15
13 31 14
26 2
38 10
3 28
24 2
22 26
10 5
11 16
12 21
20 28
1 31 36
40 31 43 4 14
25 26 41 29 15
41 19
31 27 23
37 26
21 33
43 8
29 18 35
5 27
27 35
17 12
8 39
33 9
35 31
45 14
4 26 12
7 39
15 17
42 43 36
0
3
2 1
3 1
0
51
2 4
40 13
18 5 10 3 38
43 38
35 6
42 49
3 14 10 13 12 49
24 11
20 19 1 31 41
10 1
38 25
23 25
11 43
17 40 39 45
48 26 7 34 51 42
37 24
30 5
19 36
14 35
26 12 9 46 41
39 19
28 23
51 11
49 32 12
47 24 46 40
13 39 22
32 23
9 30
44 16
6 18 8
29 47
7 49 21 6 38 39 9 22
4 24
50 45
34 39 26 14 44 49 43 41 29 40 23 9 18
21 6
16 30
33 4
45 34
1 7
27 47 13 9
8 28 31
46 38
5 6
15 51
0
79
65 66
61 62
57 63
62 77
6 57
1 17 47 24
43 55
53 64 2 5
35 64 75 67
42 48 59
20 75
47 69
60 35 21 14
39 5 31 35 56 1 2
5 44
26 37 53 14 50 6 41
63 25
71 45 72 39
17 44
30 24
18 67 30
12 47
70 66 63 60 62 7 77
41 55 44
73 66
8 61
21 2 53 20 34 55 49 73 75 1 54 13
29 30
50 34 54 62 28
37 73 72 10 33 41 29 62 46 43 12 63
13 6 14
67 7 3 65 79 49 50
32 15 28
2 26
44 41
15 62
52 25
14 50
36 56
56 21 42
19 37
27 12
25 64 55 77
34 73
16 50 32
31 42 28 50 76 35
75 76
4 2
69 53 39
48 30 44
7 46 12 2 6
46 79
58 64
55 62
28 37
72 25 51
23 32
79 6
59 55
9 70
3 38
49 57
78 71 40
76 69 34 51 31 40
38 77 55 67 20
45 28
22 49
24 25
54 3
11 72
66 62 57
74 15 79 57
68 74
0
25
20 12
4 9
17 23
19 21
12 22 5
7 8
16 12 5
3 4
13 19
2 16
25 2
11 16
10 18 3 19
18 2
8 17
6 25
21 13 7
22 1 7 20
15 3 12
9 19 18 21
23 14
24 13
0
72
53 6
24 26 61 44 49 57
66 62
16 33
55 45
6 57
61 7
40 53 58
4 22
14 43
39 43
19 15
27 15
69 44 58 63 27 33
33 24
18 35
60 47
57 50 59
38 29
43 59
17 32
30 9
12 21
15 50
31 67
35 52
2 59
67 39 11
50 9
51 9
28 17
25 52 22
37 13 39
5 19 30 62 33 37 6 13 54 15 8 67 52 34 49
8 60 13 49 55 15 62 20 50 35
10 30
70 38
20 42 51 41 19
29 3 69 61
72 65 5
46 52
64 19 68
23 67
22 7
3 7
71 14
68 58
41 38 11 64
9 11
21 43 44 33 51 56 19 5
34 27 6 28
54 64
48 59 53
63 69
49 63
26 61 67 68 35
56 34
45 72 61 31
11 44 67
62 3
7 59
32 45 17 57 54 41 39 3 43 72 40 65 7
13 52
47 26
59 25
52 69
58 53
65 22
42 49 16
1 42 29 71 63 70
36 70
0
20
9 11
19 20
12 3
17 1
16 12
11 15
5 7
13 8
4 9
7 11
3 10
20 18
10 5
15 19
14 11
6 14
2 9
8 18 10
1 10
0
61
35 10
20 44 59
40 48 32
43 11 1
38 13 61
55 16
27 2
46 17
45 44
57 24
39 27
4 24
34 30
26 2 14
5 34
25 7
18 2
52 12 4
21 56
16 36
42 48
58 28
22 42 61 56 27 33 5
3 18
53 40
31 6
32 54 1 9 6 49 10 60 50 25
11 52
14 29
12 40
28 33 37
50 29
44 56
36 56
47 57
59 17
7 45
29 8
54 18 10 5
60 42
10 20 50
24 37
56 43
48 30 52
1 57
51 46
23 45
37 22
13 51
41 61 24 56 45 48 15 35 16 9 58
30 55 49 47 36
61 9 31
6 10 5 34
19 38
0
10
5 6
4 3
10 5 8
1 4
8 10
9 3
2 7
3 6
7 10
0
35
1 3
18 8 6 21 10 12
26 5 6
13 9
20 22
16 21 9
23 13
15 2
10 13 11
17 22
8 4
4 7 26 33 32 21 14
27 30
22 7 19 11
30 19
28 31 9
31 4
3 5 10 2 24 19 20 16 18 31 21 32
14 24
25 17
34 16
33 20 22
24 22 15 5
6 2
5 2
29 13
2 16 14 19 35 24 32 15
0
41
36 28 8
18 5
2 14
29 39
16 31 2
31 1
15 34 20 18
21 26
40 25
13 31
8 31 41 5 4 39 6
39 16 17 26 34 30
7 1
1 24
26 9
11 16
24 22
22 27
34 23
32 10 20
27 37
19 29 10 13 28
3 18
38 23
35 37 28
20 1 14
30 29
9 22
28 9 13 37 26
5 14
14 35
33 40
41 18
37 14 34
4 12
17 30 8 5 4
23 26 3 12
12 19
10 37 19 38
25 4
0
39
37 16
26 25
34 12
22 37
29 27
8 28 21 39 18
36 5
2 10
11 26
19 3
28 20
24 22
21 2 5
32 21
38 24
39 20
10 39 30 14 32
20 30
1 4 9 10 23
17 31
35 6
13 32
33 22
16 34
6 7 32
23 33
9 14
4 12
5 31 4 21
3 25
7 37 33 39
30 22 32
15 39
14 31 18
27 36
25 30
0
87
22 59 53 30
86 33
64 16 8 83 62
14 32
53 46
9 32
37 48 67
7 53 23 45 80 34
30 67 33 52 86
21 33 24 66
39 67 60 22
10 53 42 75 51 63
83 77
4 51 74
23 11
18 82
78 38 56
35 53 29 41
54 46 24 49
38 6
73 50
62 22
60 56
34 86
58 13 39
75 50
71 11
52 13
49 31 85 29
43 19 20
67 35 41
33 53
68 87
28 76 67 54 65 14 7
3 63
6 63
32 82 62 63 48 69 47 34 17 3 13 27 30 38 81 20
36 63
70 15
55 26 5
63 52 30 8 83 75 74 58 49 41
87 54 25 33 37
61 75
48 58 76 17
11 75 42
12 29
2 65 58
27 62
20 29
77 34
19 56 73 43
47 61
80 87 62 15
66 71
26 44 76 71 28 9 37 45
46 35
25 22
41 7 5 14 59 44
69 60
56 20
8 5
29 40 76 71 85 48
31 60
84 70 76 19 9
82 63 28 37 52 26 60 3 48 6 30 36 76 49 58 40 59 57 54 46 44 81
59 19
1 4
13 3
15 37
51 87
65 72
5 75
16 87 86
76 31
24 67
50 11
45 39 12 21 63 42 81 19 78 41 76 50 82
74 23
42 81
81 41
85 6 45 25
40 17
72 23 22 77 81 25 29 75 19 87 70 15 27 82 33 60 57
17 30 64
79 85
0
42
26 21
8 33
7 32
3 2
40 26
30 33 28 31 26 14 20 10 19
35 22
24 39 6
19 38
16 42
41 10 18 40 4 14 32
42 15
28 26
11 17
31 25
29 38 13 5 20 37
17 8
22 2
18 23
5 32 25 12 14 19 10 41
37 20
4 13
9 17
38 6
39 12 40
20 6
23 13 33
21 6
1 40 14 13
12 23
2 23 9
13 4
6 2 24 10
32 16
36 34
27 7
10 2 4 7
33 9
15 1
14 36 34 8
0
88
19 40 47 8 38
9 17
69 73
18 28 42
85 6
68 6
16 32
28 29
75 16 50
62 66 84 25 35 59
45 71
55 5
23 75 69
81 54
26 37
24 79 32
15 64
14 35 64
79 19 85
27 82
83 14
51 13
53 24 20 17
84 67 44 50 81
67 36
63 9 65
64 74
66 50 27 63
36 73 26 53 58 67 4 15 64 68 17 14 82
30 66 49
43 40
34 74
87 12
32 1 82 51 13 56 36 69 8 62 47 34 74 83 72 73 61 27 12 14 15 18 41 64 45 35 53 70 33 52 26 88 42 48
46 47 58 50 86 78 34 38 3 68 66 71 26 10 35 51 80 25 11 70 88 52
31 5
10 38
33 75
56 72
76 49 55
21 8
3 69
80 17
86 19 47
44 71
35 68 51
1 57 58 76
11 24
59 39
25 22 51
5 53 28
17 21 11 13 59 35 31 12
71 50
39 75
13 78 31
12 79 11 82
7 82
41 86
6 66 3
72 59
4 56
70 47
50 59 84
74 48
65 10
82 54
49 40
37 54
22 17
57 3 69 65 88 50 52 84 24 85 49 16 42 31
60 27 28 85 29 82
78 80
42 29
61 51
8 7 12 40 32 15 23 60
88 44 9
48 5
29 70
52 34 55 48 64 79 20 24 75
58 79 15
38 84
2 33 18 54 31 87 86
77 46 50
0
28
25 16
10 6
15 4
27 21
28 21
13 12
9 11
21 12
7 6 8
8 25
6 20
19 14
22 25 26 2
23 9
4 9
2 12 8
17 28 20 6
16 19
24 28
20 14
5 23
26 19
14 7
12 1
3 16
11 5
18 14 22 2 15 4 1 6 23
0
62
36 42 41
6 55 12 59 36 45 61
43 58 46
45 14 28
21 4
41 18 19 38
28 11 18 27 24 43 47 4
58 14
50 12 62
48 13
62 5
52 41 55 5 13 50 60 11 21
51 56 39
32 15
40 47
4 6
42 51 61 56 49 10 7 25
11 2 32
18 27
24 37 41
57 47 29
60 21 59
34 46 50 55
22 34 1 55 47 29 30
47 29
39 21
16 17 43 13 45 10 42 29 33 38
59 60
49 55 39
33 13
2 41
26 45 54
12 40 30
13 26 54
27 4
53 21
31 7 46 54
30 52
55 11
46 12 50
44 9 21
5 7
20 52
15 51
29 57 38 4 21 3 53 12 11 10 62 1 52
25 3
8 6 62
61 11 13
35 12
37 13 7 51 14 23 10
0
52
29 12
51 4
20 21
50 4
30 21
15 43
14 26
25 23
37 30 45 15 23 25 21
18 11
49 23 47
36 25
32 49
7 16
2 13
4 35
16 1 39
26 47
19 31
33 37
44 43 10
34 49
3 8 46
5 41
11 23
31 5
23 42
39 34 52
22 18
8 45 25 17 40
6 40
41 45 1 3 35 18 21 7 5 31
47 41
27 42
17 10
13 3 5 30 42 21 37 6 50
40 45
35 34 11 18 27
12 2
28 24
21 23 35
43 6
46 19 1 23 52 24 6
9 11
52 25
10 11
1 35
42 46
48 45
38 7
0
93
21 48 23
12 5 6
54 22 89
34 28 61 37
81 80 63
85 52
83 90
7 41
5 16
71 7
25 49
30 79
41 16
1 44 71
49 14 86 77 88 87 36 73 33 89 13 2
33 83 73
40 93
61 87 81 45 26 74
57 63
90 56
82 88 69 93
79 45
44 38
20 58 67
58 31
37 43
28 31 87 61 86 60 25 75 27
56 35 18 47 7 50 31 13 92 17 40 91 41 84 55
18 17 38 61
77 55 35
9 25 58 17 78 73
60 79
2 84
59 19
38 14 78 93 74 3
76 63 71
91 68
52 82 81 5 64 78 58 65 34 23 47 39 85 24 20 16 28
74 37 16
86 14
6 29 88
55 16 81 4 6 15 5 77 46
70 6 75 63
84 74 57
47 16
32 70 59 52
64 39
75 38 50 40 32 93 18 7
63 16 19 36
8 42
43 12
22 28 42 80 60
69 85
42 50 76 62 67 55 51 49 24 81 75 65 23 30 88 69 5 32 25 33 86 53 74 19 70 7 57 60 47 13 40
15 14
36 48 8 73 38
51 33 41 21
17 52
65 33
45 54
89 49 85 29 7
35 43 69
16 48 53 81 93 87 71 18 40 60 46 47 2 89 84 22 24 65 82 33 27
13 43
23 27 31 45 70
66 80 76 61 27
72 36
10 42
4 93
73 60 48 49
31 4
67 75 78
92 13
24 35 39 80 20 57 11 92 87 12
0
86
62 74
81 60
48 45 85 6 21 11
59 73
64 24 31 21
76 77
20 83
73 17
63 75
34 49
32 71
86 20
65 5 79 77 73 22 23
30 68 20 44
67 52
38 72 6 25 50
39 34 31
18 19
35 52
3 55
55 5 34
43 15 74
61 21
45 32
51 57 3 72
54 47
46 72
42 50
49 47
12 58
28 22
82 85 54 67 57 48 70 12 81 7 51 18 69 2 45 44
16 4 61 13 21 33 80 53 24 39 25 86 8 6 73 17 37
24 79
66 36
60 46
50 64
68 1 74 70 82 54
23 41 76 65 29 33 36 54 5
77 55 33 53 47 20 36 34 66 76 57 6 59 3 70 37 18 8 64 12 46 9 45 52 23
14 74 6 56
72 33 75 19
40 12
27 18
17 72 1 48 44
44 23
21 46 31
70 3 36 23 38 9 62 68 63 18
8 46
6 8
4 46 13 11 2 3 10 65 51 83 63 27 82 23 56 25 77 53 49
37 14
36 22
85 8 9 15
53 52 40 85 65 75 57 82 26 23 7 64 36 61 4
9 22
2 4 68 21
80 41
79 66
75 54
29 75
56 86 41 68
33 57
26 42
31 10 49 16 77
10 25 37 44
47 68
13 79
11 66 6
57 29 61
84 13
58 5 30 20 39
22 32
78 38 1
0
60
48 19
47 16
5 58
8 52
23 35 31 21 32 58 30 28 2 8 5 54 29
41 53
35 44 12
18 26
32 24
55 29 27 58 37 8 20 12
17 20
40 48
49 50 56
54 4 48 41 30 60 9
27 40
21 60 19
60 30
51 43 46 14 54
22 8
26 55
52 33 10 25 7 56 8 12
38 39
1 20 5 58 53 46 60
42 20
28 54
50 33 5 18
30 54
58 15
15 33
37 3 46 55 10 39 26 24 36 33 56 30
14 53
19 34
44 32 20 24 54 19 12 35 33 6 26 4
12 29
25 2 15 41 35
56 9
29 52
7 17
59 1
3 42
36 48 8
13 11 48 36 9 38 49 2 5 6 31 32 39 37 25 40 15 41 27
20 59
31 27
33 32
11 52
34 35 21 23
9 39
46 33 26
53 27
45 27
2 22
39 54 49 37 23 8 7
10 38
16 21
43 55
57 10
0
85
28 11 39
78 38 83 17 22 20 81
7 50
42 49
10 11
77 76
25 42 79 30 80 8 43
43 3
61 31
23 75
3 12
5 63 60
9 48
72 8 5
80 56 74 52
8 66 40 9
71 14 36 16 50 31 8 13 32 1 66 83 30 23 20 55 53 67 76
63 50
69 66
60 51 32 64
20 7 67
74 44
24 25 71 59 75 60
38 48
1 66 33
19 58
66 19
65 56 59 12 42 47
44 26
29 78
12 35
27 25
30 15
55 6
16 38
2 28
40 21
4 50
21 59 14
85 42
41 14 27 47 70 45 37 76 65 18 9
70 4
36 48 30 81 9 11 53 22 79 14
48 2
59 18 13
11 27
32 56
37 75
26 19
52 12 64
76 35 67 66
49 82
79 33 12
58 49 16
46 55 26
47 25
57 30
50 84 29 5 47
83 28 70 80 84 11 45
15 36
62 73
35 61
39 8 55
14 47
84 56 18 4 50 19 35 43 31
33 25 15 52
17 37
34 22
6 54 10 52 67 43 11 8 4
22 76
31 20 17
53 27
64 38 59 68 35
13 5 43 75 76 68
45 76 65 4 42 63 28 75 80 18 59
82 38
68 57 71
67 63 74
75 13
81 53
56 48
51 14
18 6
73 28
0
40
9 36
40 1
28 24 34
24 22
34 38
33 19 1
6 35 23 29 38 30
3 1
29 21
38 16
17 30 33 9
5 9
37 23
16 9
1 6 10
23 26 11
25 3
4 21
15 16
39 23
14 27
20 9
30 3
7 13
11 21
35 18
22 38
36 20
10 30 3
21 7
27 3
12 20
8 39 12
13 33
18 24
2 25
26 10 36 22
19 10
32 37
31 13
0
21
5 21 11
19 7
12 8
2 6
13 11 9
4 11
1 8
8 16 13 4
15 10
7 1 6
9 1
6 20
16 19
18 5
14 3 16
21 12
3 9
10 20
17 9
0
11
6 5
7 11
3 4 5
4 11 6
8 11
9 11
10 3
2 7
5 8
11 2 3 1
0
73
15 50 69
18 53 40
37 71
71 26
63 54 29
49 42
33 10 61 66 72 57 24 55
42 59
22 51
16 50 57 13
40 28 70 56
39 4
36 5
24 25 11
70 46
38 52
30 32 5 64 57
72 56 14 65 45 28 40 12 46 51 47 73 22
65 67
59 37
58 61
34 65
55 43 11 47 38 25 12 1
67 38 23 60 56 1
3 37
57 40 30 27
25 43 42
53 55 40 73
61 56 39 1 67 47
7 34
66 58
4 58
35 51 30
8 70
12 31
28 18
23 5
19 18 48 36
69 28
13 69 11 62 33 64 63 71 50 60
43 9
11 59 12 19 18 46 22 25 40 68 57 30
54 39
56 33 24
46 25
73 63
14 39
9 11
31 8
26 67 50
44 6 22 70 55 52 39 49 1 13 42
1 3
50 27 21 25 5
48 46 34
60 17
29 46 32
20 45
68 56 61
47 43 69 54
2 23
10 41 55 28 56 60
0
80
19 20
28 6 79
10 18
44 68
56 46 75 24 54 12 29 52 21
60 31 72 69 40 50 76 3 37 4 53 41 48 74 24 55 39 18 78 13 30 58
16 28 10 18
7 71
68 69 24
72 16 60 36 3 8 78
52 76
39 73 51 34 16 3 38 49 27 70 25 53 78 54 24 43 36 64 8 33
9 76
48 8
32 2
70 60
76 73 72 68 43 5 31
47 37 4
2 79 3 70 26 43 68
51 71 30 3 35 44
33 58
29 59
53 5
71 41 20
14 24
40 20 66
43 46
61 58 51 4 2 45 59 41
62 42 57 56
15 31
20 29
26 70
21 32
35 47 13 25 17 42
50 16 18 37
67 66 37 64 61 69
17 42 61 8
58 17 31 6 4 59
41 11 56
4 40
74 44 55 68
34 43
6 63 57
31 2
80 55 50
23 49 21
57 54
64 34 11 30 21 31 52 50 56 9 48 29 32 49 38 25 51 18 1 61 20 33 35 55 54 37 77 15 17 63
46 51 43 10 19 11 79 75 13 16 27 74 67 60
37 38
65 52
78 23
79 44
42 62 45
49 27 4 40 35 36
22 40
0
18
4 8
10 3
14 9
11 15
13 16 10 2 12
8 9
2 4
16 5
17 16
5 2
7 13
6 14 7
15 5
12 15
3 11
18 17
9 17 6
1 12
0
87
11 22
23 31 15
39 81
43 25
19 17
1 53
76 26
63 85
61 11 28 35 39
41 24 77
32 25
2 22
35 79 14 47 36 29 37 9 61 44 28 24 62 74
53 41
49 19
84 32
26 63
24 80 81
81 34
75 81 64
54 69
50 12 55 37
52 67
69 57
40 62
13 63 38 35 6
80 3
12 51
56 5 31
7 62
51 47
5 56
71 79
42 40 66
33 73 58
30 35 19
60 65 37
66 23 64 37 31 42 8 52 17 26 59 43 50 12 53 14 33 1 81 9 48 18
48 24
27 42 16 83
45 14 49 9
58 35
85 78
22 16
70 41 22 53 59 54 79 6 52 44 9 85 80 76 12
62 84 68 83 66 9 23 41 78 13 72 24 26 29 82 80 20 87
36 13
86 23
25 36
14 12
20 79
74 35
10 69
29 82
65 12 32
82 6
3 52
67 6 42
87 42
6 69
47 50
34 68
37 48 20 79
38 47
73 34 74
44 19
79 25 37 4 59 15 46 52 75 49 56 31 51 60 17 65 70
68 48
16 19
83 39
59 13
28 81
4 83
78 66 12 74 41 17 15
18 45
64 63
9 37 51 59 23
77 68
55 46
15 84 48
31 16
46 56 9
72 59 50
8 58 10 20 23
17 27
57 84 45 86 23 13 40
21 59
0
64
42 46 57
12 60
8 51
53 57
22 60
48 37
55 54
52 56
17 14
28 16
21 8
50 49 18
49 28
4 7
18 8
15 14
10 24 54 6 26 37
43 24
54 42
32 58
14 17 28
33 35
1 16
44 14
35 8
36 22
34 9
2 1
56 5
25 6
57 63
59 13 3 29 48
19 52 47
9 45
31 60
45 62
40 12
63 18
24 10 4 21 18 30 35
7 29
27 52
64 14
3 58 62 36 55 41 46 32 31 33
23 33
6 10
47 28
60 59 33 23
13 39 11
30 16
38 20
61 40
62 12
37 63
20 16
0
83
12 28
10 3
11 20
79 63
42 60 43 35
78 71 46
46 79 83 21 2 62 11
13 36 34 63 83 52 16 60 24
4 18
54 39 11 38 16 83 42 55 34 77 8 79 63 31 58
3 6
19 10
33 65 14
83 40
73 76
58 6
8 49
43 8
29 76 6
38 3
68 82
18 23 75 32 40
9 72 49 76 12
61 30
64 12
50 35
22 20 81
51 13 57
34 50
62 46 60
7 35
55 17
16 61 31
45 8
75 42 5 59
71 60 49 8 19 30 38 64 7 74 41 29 6
30 79
72 63
15 14
41 11
31 67 74
14 73
26 72
60 58 75
23 34 73
35 72
28 55 81
53 81 8
69 27
48 53
44 67
52 8
47 15
17 60
63 35
25 39 51
65 32
5 59 9 27 13
56 61
66 37
1 65
80 54 32
32 21
21 74 63 18 57 62 15 13 29 76 55 1 47
36 31 11 12 65 33
27 10
67 31 28 71
82 26 19 1 81 34
6 55
76 13 48
59 13
20 41 18 50
49 55
24 56 44 35 73 13 72 25 76 40 75
74 82 3 13 29 67 7 1 30 44 76 45 32 17 37
81 31 26 8 56 25
77 73
57 64 31 34
37 32 15 63 21 73 83 8 71 62 65
2 51 1 30
39 25
70 1
0
94
29 6
88 71
22 49
83 25
72 28 59 11 6
75 54
9 17
10 63 91 72 46 50 37 82 55
43 37
53 83 45
49 62
1 19 62 2
12 93
52 23
35 57
6 90 50
5 58 26 56 53 90 78
15 42
55 59 88 25
81 39
30 46 14 82 70
93 25
33 42 2 6 22 77 51 35 65 52 69 93 14 30
80 25
17 19 3
40 74
37 62
28 36
58 7
39 73
78 93
42 55 40 10 70
71 52 74
56 7
2 39
36 37
20 17
59 76 14 73 57
79 57
27 30
87 24
94 71
91 26
3 21 77
64 30
76 43
47 60 68 12 21 63
11 81
70 11 10 17 76 90
21 76 34 64
86 5
63 70
38 65
74 90 32 47
57 43
45 65 19
90 43 61 26 21 5 82 4 62 38
66 45
16 85
68 88
67 50 14 41 94
25 51
26 34 74
92 34 14 66 61 53 50 85
4 50
73 84
7 52
69 28
65 92 91 48 66
32 10 84 29 86 74
24 79
60 77
50 67 25 88 59 31
82 69 24 49 58
8 78 53 89 38 60
23 1
31 62 44
46 47
62 31
85 42
14 93
13 56
89 58
19 79 22 24
41 39
44 22
61 36
77 45
34 74
51 35 67 79 42
54 12
18 43
0
92
10 16 57
75 32
3 15
57 51
39 12
66 7
11 78 70
86 66
54 56
36 44 55 20
65 42 85 64 76
64 1 48 83
90 86
6 37 83
14 27 78
9 66
68 54
25 79
33 18 5
23 21 69 10 50
63 20 43 15
52 8
41 51
40 71
56 68
13 55
20 31 23 37 68 67 34 2 70 82
21 81 22 59
83 34
72 21 50
55 7
85 49
76 49 75 67 37 77 72 12 7 57 70 63 3 5 87 35
84 76
58 92 77 86 36
61 92
15 8
48 16
22 1
45 57
51 61 63 67
34 66 89 18
24 8 53 39 64 51 54
81 49
5 31
18 62
38 76 58
37 14
74 54
78 39 61
35 62 37
67 86
70 3 25 30 78 49
73 36 41 44 20 56 24
42 86
19 52
4 22 64 75 53 18 2 86 26 28 55 19 23 77 7 91 51 83 60 10 58 69 44 47 54 85 13 56 74
46 11 83
50 7
69 45 12 79
79 74 61 34 69 41 90 75 67 55 5 43 12 38 47 83
12 70
77 62
31 33
47 56
30 54 5
62 25 27 75
60 39
8 80
2 91
28 42
53 27
91 29
49 55
88 31
27 72
89 7
87 14 28 64 3 20
29 51 2 84 20 45
92 71
59 82
43 69
44 4
7 81
80 61
71 60
32 1 20
16 45 28 47 5 84
26 73
82 2
1 47 91
17 27 2 54 74
0
88
76 61 12 71 24
30 43
16 54
27 59
80 75 24
79 46 17 77 78 22 11 19 25 31 6 1
15 16
22 13 54 4 84 2 49 76 78 14 10
64 74
65 46
72 59
24 79
57 3
3 4
49 5 87 19 58
70 29
56 53 80 14 67 59 39 50 5 55 7 9 11 12 71 29 69 28 70 43 30 84 83 73 82 4
26 65
38 85
45 57 68 30 27 28 87 31 9 1 67 18 81 5 29 44 69 42 10 52 62 25 4 21
1 29
78 40
40 37 52 13 61 8 16 57
71 76
14 27 37 75 47
35 22
82 53 41 86 12 29 11 25 72 39 76
28 82 35
43 77
36 75
13 34
4 69 41 24 52 87 14 63 86 65
85 1
8 16 22 24
73 76
48 77
46 37
55 26
50 13 20
9 18 5
59 69
47 79 40 15 52 34 24 16 49 31
25 82
41 54
5 68 24
12 57
52 15 55 80 5 36 22 73 56 40
63 65 14 44 3 6 68
62 42
23 21 70 26 71 78
53 78 83 4
77 14
84 20 73 43
74 77
51 23
29 2
32 48 86
58 55 46
31 22 83 12 23
19 59 72
61 52 2
81 16
10 15 87
68 66
20 31
6 30
87 41
54 88
33 60
18 46 42 32
83 55
42 3 57
17 18 64 51 25 9 66 76 83 48 60 1 27 28 31 44 4
0
81
61 4
44 6 53
20 19 51 76 64 60 17 53 39 79 16
26 11
70 33 35
77 51
81 80 52 16 20 12
59 12
72 53
45 73
22 72 21
27 17 67
48 22 78 46
13 66
67 14 66 4 46
19 69
47 19 22 23
3 78
46 62 65
6 15
38 54 10
66 61 48 15 17 44 14 35 50 36
57 73
9 76 48 8 72
18 66
30 34 20 52 67 11 76 77
16 62
23 49
28 65
36 50
21 39
25 33
73 59
56 3
41 40 65 5 25
43 14
4 62
7 77
29 63
10 15 31
32 21 19
24 76
65 42
1 18
60 12
51 7 19
69 54 11 36 17 75 68 39 18
63 9 3 65
71 57 73 8
8 2
49 15 3 28
34 62
58 4 45 31
42 81 72 20
39 6
33 31
80 36
5 41 31 14 60 8 81 74 12 70 72 66 4 20 52 55 56 46 76 6 42 80 67 11 27
55 13
35 66
17 15 18 81
54 48
50 79 3
68 34
79 28
62 48
37 79
0
17
4 2
17 13 7 16
13 16
3 12
14 10
5 8 12 16
6 3
12 13
1 10 6
7 14
8 2
16 2
11 12
2 10
10 17
15 10
9 14
0
39
5 33
35 23
10 26
32 20
19 13
38 17
39 13
37 4
8 30
12 27
9 19
31 36
1 17
26 4
28 29
18 17
36 29
15 1
23 22
20 2
13 2
33 15 24 38
14 31
11 10
6 26 13 38
22 18
30 11
25 15 22
24 7
29 37
4 18
3 5
27 4
2 1
21 19
34 28
16 37
0
16
15 12
7 4
8 12
6 14
12 7
9 15
1 15
2 8
11 13
14 9
3 15
5 3
10 6
13 9
16 9
0
3
1 3
2 3
0
65
19 11
15 30 23 39 47 17 51 62
6 51
42 56 9 38 63 40 22
44 28
18 14 16 12
55 33
36 20
8 55
35 61
13 9
31 30 56
11 24 40 10 27 20
47 60 16
23 49 41
53 12 26 36 21 52 57 4 10 25
16 23 22 52 24
33 30 56 34 25
2 56
45 12
48 63 40 41
1 30
64 22 13
59 60 43 57 17
34 59
9 4
27 46
61 4 12 56 64
20 27
12 47 42 32 1
28 61
3 50
25 46 7
43 37
41 9
57 45 20 30
39 7
22 9
50 37
51 12 60 24 55 31 14 20 57
46 62
14 30
54 1
29 28
40 53
49 30
5 49 23 11 18
52 18
65 11
37 7
32 12 18
17 35
7 62
10 48
21 34 38 26 43 12 19
38 35 64 12 45 65 42 59 16 62 41 29
60 62
58 21 26
0
77
40 54
52 74 14
15 16 4 51 59 40 47 77 2 46
25 19
13 49
23 20
32 5
9 45 12 13 50
36 53
56 73 33 46 70
37 2
22 62 59
65 1 3
20 6
14 72
38 64
76 72
47 6
42 36 13 6 56
43 74
48 52
39 60
8 61 15 26 24 9 45
75 59
24 62 21
69 71
3 27
67 57
49 76 50
66 15
27 76 36
55 30
68 46
11 36
59 68
26 68
70 35
57 48 22 38 73 60
19 22
58 50 15
71 6
30 6
60 48 49 9 72 47
17 3 44
74 65 20
5 48 2 56 62 44 39 68 15 11
54 47 15 21
34 72
12 11
77 56
21 20 2 42 29
61 74
51 36 15 39 13 21 57 20 41 74
64 73 6 48
7 40
2 18 56
28 50
45 64
16 7 19 31 49 35 74
41 65
18 34 44 39 41 60 69
10 15 74
1 17
35 21
72 25
50 22 13
33 35
4 73
63 27 28 44 15
0
12
2 4
6 5
7 11
3 7
1 6 11 12
8 11
5 1
4 10
9 10
10 5
0
69
45 43 7
34 31
2 15
9 24 19
6 40
30 1
69 30 60 17 34 14
7 4
43 49
46 1
8 41
40 35
58 10
22 66
44 10 69
32 49
12 68
49 27
33 65 12 20 61 53
63 43 53
42 35 68
41 25 2 62 7 33 46 69 68 43 65 44 20 58 17 3 30 6
26 39
56 23
29 33
23 19 16 14 27 50 30 36
57 1 20 55 59 2 62 43 12
47 69
13 63
5 14
4 33
20 12
24 61 19 47
64 11
27 13
25 59 30 2 52 64
19 10
18 22
61 26
39 32 52
35 51
16 42 10
14 4
55 12
66 57 43 56
15 64 57
51 66
37 5
1 60
68 3
38 64 33
11 52
48 3 52 56 8 60
28 61 68
65 38 12
53 67 46
36 23
31 27 50 44 69 33 41 58 47 46 48 15
50 53
60 58 11
10 26 65
3 56
52 28
21 43
59 51 17 28 37 33 50 65 43 19 44
67 52
62 64 16 43 21 53
17 25
54 6 47 56 53 35 37 44
0
27
12 23
20 26
4 21
2 11
1 3
24 12 17 21
15 11
10 12 22
21 25
14 22
7 5
16 3 9
18 1
19 20
26 17 19
23 11
9 10 11 13
13 3
17 1
6 2
11 7
5 23
27 3
3 24
22 25
25 23
8 19
0
48
27 33
4 43
37 41 42
46 14
24 25
5 11
41 14 43 5 38
1 7
43 34
12 42 7
36 7
13 47
34 17
3 25 47 15
6 32
15 6 32 19
38 32 43
14 42
25 8
29 2
31 23 47 27
9 7
26 6
7 39
11 5
20 14
19 11
16 11
39 48
8 20
30 24
40 43
47 24 11 13 22
22 32 31
44 10
2 23
32 46
21 33 44
33 20
28 29
35 12
23 7
48 44
10 9
18 17
17 25
45 21
0
56
25 34
37 27
53 45 52
50 56
30 15 12 29 41
20 35
3 20
4 8
49 20 50 26 35
36 6 2
7 41
10 44
38 26
33 3 2
22 28 39
54 31
39 23 12
42 54 23 12 21 45 18
41 50
16 37
14 15
24 28 18 30
52 3
31 21 39 19 7 3 56 50 46 9 23 17 26 36 52
23 56
21 27 9 13 30 55 16 29
45 43 41
34 13
2 50 30 43 6
6 26
55 49 35
13 39
28 44
44 37
48 27
1 22 42 48 24
35 26
15 45 1 30 33 34 3 39 38 28 44
19 48 25 34 18
5 29
29 52
12 52
9 4
32 15 41
43 20 38 51
47 11
51 33 16 49
18 24
8 9
46 49
26 40
11 24 43 41 38 9 45 15 50
0
58
14 29
22 12
25 34 10 39 47
50 4 45
28 46 54 5
57 2 50 51 41
38 42
37 21
33 14
16 15 24 50 2 23 48 52 22 42 30 35
10 22
32 27
5 28 48 8 22 11 41 43
51 6
54 12
43 1
58 53 41 56 21 25 20
42 29 23 26 48
8 55 25 10
49 13 56 31
4 33
40 2
41 42
3 17 49 21
2 18
56 13
46 47
29 6
15 8
1 41 46
24 30 41 2 48 38 16 53 44
44 23 41 53 11
53 56
45 39
36 39 56 9 25 58 6
19 42
18 16 54
6 47
52 47 30
39 45 35 28 32 51 36
9 52
11 42
21 46
34 48
7 43
0
5
2 1
1 2
4 3
3 2
5 1
0
47
5 7
29 10 33
26 31
10 47 39
36 2
34 21
35 16
8 3
28 4 29
7 25
17 40 28
6 34
9 5
47 31
12 36 21 15
33 38
44 30
45 12
25 21
11 5 31
1 15
22 47
39 42
21 9
37 34
19 47
46 13
24 5
40 21
15 18
42 8
16 22
23 5
41 5
14 20 13
30 10
3 46 42
13 28
31 11
20 34
38 19
43 8 13
2 43
4 29
18 45 15
27 34
32 40
0
61
42 57 30 8
2 56
58 46
44 35
34 36 21
12 57
15 51
25 6 58
40 13
61 30
39 59
6 35 46 8 49 17 42
20 28 26
23 16 33
21 33 28 6 22
46 41 5 8
9 27
49 14 7
1 43
48 9 29
11 42
50 27
4 13
55 57 8
7 42 38 10
3 52 32 5
45 20 24
28 49
47 18 32 60 22 41 7 9 1 44 39 27 56 51
60 24 44
19 54
14 47 10
29 39
43 28
10 1 49
36 61
27 46
22 30
57 18
33 2 14
59 16 23 51
13 52
41 38
31 7
30 17
54 30
37 1 59
24 44
35 18
18 9
16 50 4
8 30 57
51 45 8 33 19 3 15 55
56 9 18
17 4 7 47
26 39 28 54 45 44
38 9 33
32 49 54 38 27
5 7 55 57 43 21 37 11 24
52 17
53 49 58 18 30 21 28 44 3 48
0
82
32 7
6 81 2 31 56
53 78 19 63 80 35 14 42 32 29 54 52 23 59 7 71 61 55 64 65 44 38 13 15 12
25 45
50 63
75 20
28 63
48 51
10 25 12 67 1 9 21 39 22 54 17
37 49 36
5 22
19 80 40 66 36
63 42 61 64 9 17 69 4
51 7 62 69 76 75 32 74 35 17
29 66
68 39 77
45 29
15 81
49 10
80 25
61 57 28 68 82
78 71
40 51
76 7
74 64
34 47
66 30 40 45 73 15 51 39 8 34
69 6
11 18 58
44 15
65 2
31 8
42 72
9 37 59 22
8 40
54 22
30 43
59 31 46 37 14 17
17 39
79 54 20
58 54
55 76 74 2 67
12 48
43 79
20 40 58
2 62 20 58 10 6 44 50 45 42 64 14 61 68 11 47 24 82 63 57 34 17 23 29 8 25 65
22 20
16 44 10
4 17
23 67
36 70 37
67 53 55
41 75
33 32 11 61 71 79 12 37 24 62 44
52 6 51
56 4
72 73 61 23
60 50 41
57 36 48 37
18 63
62 50 66 22
70 74
47 62
81 48 16 31
27 15 11
7 22
26 49 23 65 1 6 18
24 6
13 65 71 49 50 72
21 14 30
77 76
73 23
39 61 17
35 51
1 56
82 35 38 80 29 32 6
14 61
3 35
0
51
1 9
41 37
11 51
26 11
31 47 4
34 22 13 30 14
18 24
30 49
2 31
28 11
25 2
47 3
6 50
33 31
3 23
20 15
29 49
13 37
36 37
12 44
37 39
45 39
40 5
22 3
49 38 48 23 24 35
7 20
14 15
23 42
24 19
21 9 43
9 37 36
43 22
42 43
51 14 41 45 10 32 19
4 8
15 4
8 2
5 50
48 25
10 14
46 38
39 11
38 47
16 10
35 22 8
32 14
50 38 33 16 20
27 10
17 30
44 40
0
11
11 6
7 8
6 4
4 8
3 10
9 8
1 7 9 10
2 6
8 6 5 11 9
0
26
18 23
25 16
9 19
20 16
10 13
17 7 19
3 15
12 17 10
16 6
11 16
4 1
6 1
8 15
26 4 7 5
1 23
7 26 10 6 8 12
15 11
5 11
19 4
24 10
14 9
22 9
21 14
2 5
0
81
75 15
52 59
31 81 23 37 53
40 69
25 61
17 54
1 58
61 62
22 16 42
62 51 13 68 5
71 30
55 17
51 10
6 43 25
38 35
43 56 48 79 27 60
79 28
68 42
28 46
12 65
56 3 81
32 24
5 38 44 33 13 67 32
4 73
19 20
46 48 51 62 10 18
9 40 51 16
70 9 74
81 37 61 52
65 51
45 69
34 54
7 41
2 4
66 32 58
13 80 21
8 46
77 49
50 20 37 35 73 60 10 70 42 76
3 65 4 20
47 68
37 1
54 38 70 71
24 78 15 57 33 37 56
27 44 34 23 29 6
76 18
60 53
23 3
21 38 13 17 42
42 37 31 44 77 47 16 14 32 26
63 53
69 7
11 52 5
14 24
48 14
33 25
36 29 52
74 16 51 57 55
80 51
35 5 12 80
57 60
30 42
72 4
67 59 61 68
73 81 14
53 7
20 2
64 76
15 33
26 4 52
44 29
41 48 20
16 61
78 59
58 40
39 55
0
61
59 25 14 40
21 49
39 15
45 24
55 7 43 14 46 19 36 33
58 9
8 34
19 27
61 29 60 27 30
57 8 4
5 14 58
51 20 7
50 51 59 57 21
7 52
27 38
34 12 28 15 60 17
15 20
6 16 56 39 54
30 58
44 48
14 43
12 4 23 8 6 30 60 32 48 38 55 57 51 42
36 24 35 53 52 30 7
53 29
16 8
1 33
13 45 29
49 26
3 38 45 12
60 47
29 1
32 26 19 20 5
2 44
56 2 15 18 8 48
26 32
42 47
35 51
31 29
46 22 45 37
24 48
17 2 39 20
20 19
54 18
9 10
37 11 47 36
41 39 42
0
6
6 3
1 6
2 6
3 2
5 1
4 3
0
62
28 37
16 15
2 57
49 30 42 9 11 37 4 46 52 14 23 44 22
31 37 57 35 32 43 52 1 58 11
13 62
6 23
54 16 34
7 36
23 18 46
43 23
22 60 43 40 16 14 1
12 27
24 6
41 36
36 27
34 36
15 59
11 18 59 7 12 29 6
39 56
48 6
59 9 41
51 19
33 29 21
57 29
62 50
42 57 43
40 34
21 17
46 52
35 4
25 8
9 49
55 38
20 12 57 59
53 10
58 7
8 45
50 37
47 40
60 11
3 13 44
56 19 8
17 14 36
26 20
30 52 44 54
10 24 18 58 23
1 59
38 12 60
4 11
5 41 58 32 35 2 10
14 54 42
32 7 52 6
18 35
27 10 51
19 13
61 30 31 38 4 54 12 37
0
72
28 11
11 29
2 64
30 49
46 41 71
64 21
44 4
32 27 21 52
6 20 63 51 56 70 72 43
47 64
57 19
19 29 24
7 50
63 10
68 48
12 19
25 17
45 54
20 41 62 33
1 35
62 71
16 57 20
31 66
55 19
53 70 60
42 26
23 42
10 67
15 4
58 30 43
61 28
4 19 47
35 14
18 35 29 49 20
69 41 50
3 30
34 52
43 54
40 20
37 63
36 58
33 6
39 30
60 38 28
38 49 72 56 34 52 57
14 41 58 51 33 62 56 21 39 66 68
41 46 37
8 40 58
52 50
59 46
66 40
17 71
54 66
56 66
26 61 42 27 32 43 52 14
71 13 62
9 27
49 13
27 45
67 48
51 66
50 4
29 30
5 37
13 34 38 68 5 18
65 24
70 65
21 19 54
22 31 68 72
0
72
47 53 5 24 45
61 23 49 32 55 20 54 29 7 13 1
57 28
58 5 2
48 14
60 11 31
40 59
71 50
64 5
45 6
41 66
72 53 23 62 35 58 10 19 47 55 5
70 15 60 62 25 5 2 20 29
51 48 6 9
46 9
7 32
1 66
4 55
36 35
6 61
15 43 58 69
16 46
34 33
24 53
42 50 23
30 7 45 32 6 52 59 26 39
31 7 72 71
56 27
33 57 29
27 57
8 68 30 3 41 72 14
49 1
26 47 60 35 62
65 53
11 44 55
52 44
18 16
20 53 44 70 42 26 60 13 9 55 46 28 2 17 68 34 23 52 41 58 59 33 18
22 27
55 30 34 6 1 36 38 68 9
19 63 30 6
53 4
43 15
29 46 35 59
25 68 21
63 18 12
9 41
66 41
67 10 58
5 49 45 18 7 2 41 42 59 11 72 60
14 60 33
12 17 11
39 71
21 7
10 47 30
69 58
50 41 12
54 34
38 71
32 44 29
68 43 37 58 41 64 54
0
80
35 1
61 59 37
16 80
1 18
27 5
47 23 30
49 2
51 47
19 75
41 21
23 20
44 17 33
54 50
57 51
18 73 17 42 77
76 72
67 51 13
42 17
12 27
30 42
66 4
71 20 53
53 60 25 34
26 70
64 28 79 65
79 46 20 3 26 44 37 50
59 72
46 80
74 42
31 66
73 79
22 56
69 31
78 9
8 37
75 28
21 23 55 70 39 37 76
72 38
77 52
40 42
15 3
25 51
6 69 65 66 63 43 36
63 80
10 22 16 13 23 29 50
13 56
32 60
14 2 27 1 3 70 45 69 47 20 11 6 36 18 52 19 76 31 26 15
38 77 54
20 2
60 39
52 3
2 78
17 76
68 72 53
48 62
4 50
24 35
7 71 13 77 59 62
34 41 19 73
5 1
45 78
9 13 28 76 54
58 14
0
34
8 28
29 8 19
10 29
33 12
6 14
21 5
23 6
13 2
1 14
3 34
4 17 30 29
32 17
18 4
27 15 30
34 31
28 6
15 13
7 17
17 26
22 23
9 33
26 16
16 30
5 17 28
2 8
19 25
30 11 6
20 23 21
11 33
24 28
14 5 4
25 20
12 14
31 24
0
63
7 46
25 34
10 24
46 48 29 9
57 12
20 17
17 27
3 25 20
59 34 25
11 36 30
62 52 41
55 1 44
5 54
50 18
51 6
1 52
53 45
47 8
45 37 26
4 28
41 60
18 17 36 58
33 53
29 60 7 11 6 8 12 62 10
49 47
24 20
52 11 60 51 8 6 36 59
6 44
13 20
39 9
61 63
32 60
2 10 19 20 55 16 22
31 37
60 21
48 8 47 22 60
43 37 62 30 33 11 35
12 22
58 42
26 34
44 49
8 12 45 34
37 39 45 23 46 1 5 35 10
34 6 37 17 50
36 12
14 8
42 63
30 15 33
40 25 7 13
16 63
56 10
38 14
21 6 40
35 22
9 45
19 10
54 4 16 14 47 1 50 43 20 56
0
46
16 44 33
42 29
28 17 15 22 39 40
10 14
44 42
13 23 22 24
37 31
36 6
12 10
29 27
32 35
31 40 46
9 14
38 40
24 14 33
2 46
20 28 13 33
46 17 45 25 30 31 20 28 19 22 7
6 41
7 12
11 17 39
26 3 40
21 5
45 44
40 11
39 41
33 6
4 6
15 11
14 15
22 10
17 38 31
5 4
30 18
34 40
18 15
23 16
27 29
43 17
25 31
35 36 12 20 25 43 22 3 45
19 41
41 13 22 17 3 37 14 45 36
3 15
1 38 14 10 17 16
8 11
0
94
22 59
12 60
73 3 62 6
75 55
82 68 44
29 67 39 34 89 41
2 73 57
35 10 32
69 85
39 23 63 59
3 84 60 52 93 23 26 88 35 29
76 63 23 56 53 87 78 48 51 80 20 3 49 52 30 41 89 33
66 16
54 5 91
56 74 47
19 20
25 43
23 21 43 58 60 48
36 92
32 79
24 75
79 73 36
63 31
80 51
55 74
42 6 82 2 69 70
71 84 52
37 23 40 67 52 57
78 70
72 73
14 53
18 44
83 25
11 90 3 19 68
4 40
49 73
13 9
8 53 4 26
68 47 36
48 52 39 56 62 90
51 7 87 34 76
50 40
70 71
44 83
64 15 60 26
84 34
61 78
59 94
30 8
34 62
81 44 51
6 20 94 56 27 21 22
20 76 40
52 71 44 19 66
28 12
91 34 74 1 3 42
89 26
47 23
43 25
10 12 89 69
57 42
53 14 88
41 57
58 29
40 77
65 13 41 50
86 93
5 94
93 28
87 71 53 92 84 89 7
67 77
85 70
33 89
26 23 90 29 24 82 73 78 69
90 94 34 27 20 61 17 59 35 69 21 60 84 68
77 76
46 18
92 20 10 38 59 15 82 84 91 4
45 75 47
0
28
14 16 6 8
18 14
16 14
21 4
7 6
27 1
9 20
12 4 10
15 17
3 17
1 16
13 1
17 19
2 28 10 5
26 1
25 15
20 17 7
28 16 21 14 25 24 19
10 22
19 28
24 1
11 13 24
5 24
6 23
0
80
41 7 69
13 51
16 32
62 64
72 57
63 29 59 72
44 14
53 68 36 34 66 76 49
12 61 51
21 56 71 5 43 1
54 42 22
38 42
34 13
70 65
55 29
65 10
68 53
79 36
25 35
49 68 52 57
66 44
27 17 25 49
17 4
24 71 28
58 2
15 40
18 1
77 62
32 77 73
80 52
28 59 78 37 11
23 17 8 28
78 53
14 59
40 43 72 28 60 80 7 29
67 58 74 69
74 3
7 51
2 80 48
76 26 70
52 60
3 66
26 24
51 77
30 58
57 56
8 33
29 49
9 41 19
39 29
6 52 73
22 36
35 8
45 35 22 68 56 26 60
64 24 65 72
11 26 10
47 19
50 29 9
46 45
43 47
56 78 46
73 31
4 44 3
19 57
20 19
60 57
69 32 42 11
75 1
0
43
42 1 6 39 2 11 29 28 13 37 41 7 18
34 3 6 28 41 5 30 13 24 39 2 4
40 6
17 20
38 31 15
11 2 5
8 18
29 15 34
21 28
28 41
30 36 26
24 18 28
41 3 10
22 15 30
12 4 30
19 10
5 26
1 42
31 35
18 39
43 27
16 42
36 40
20 24 29
23 4
7 40
27 34 30 31 33
32 30
15 3
14 13 10
37 35
2 37 16
39 6
4 37 6
10 18
9 40
33 43 37
25 14
0
66
30 38 19
51 19 17
53 14 27 65 58 42 47 22 55 7 9 2 46 3 60
17 54
22 9
34 53
45 24
2 21
36 26
41 22 61 18
43 12
56 3
35 49
7 35
33 15
59 34 39 51 26
23 18 66 14
39 35
37 7 25
44 32 24
42 53 56 12
25 12
20 11 55 10 42 51
49 58
4 55
1 57
32 5
48 44
52 59
31 24
57 25 64 37 12
55 47 40 53 32 59 44 17
26 32
46 59 62 60
13 24 63 42
9 45
10 50 56
6 13 40
5 24 63
40 20
47 21
11 56
21 44
63 8
60 22
12 45
62 34
8 54
14 28
16 26
19 28
65 41
29 1
24 52
27 23 22 17
61 28
28 66 10
66 55
54 28
15 26 60 48
0
35
15 10 6 25 33
5 29
31 29 26
35 31
27 13 21
19 25
29 24 4 34
21 24
1 22 14 34 13 2 35 6
30 11 5
13 23
33 15
4 11
9 20 11 16 7
25 35
24 7
11 14
16 35 22
23 32
14 21
18 29
3 29 25
20 10
12 6
32 26
7 13
26 12
34 3
28 21
6 7
10 14
2 10 21
17 31
22 12
8 27 24
0
93
87 85 15 63 4 69 6 76 91 84 82
13 70
34 9
21 70
76 36
41 69 23 49 5 72 56 71
78 65 5
61 13
14 86 55
25 22
36 31
89 14 82
30 35 62
73 13
6 43 42 33
57 9
2 10 92
24 20
68 60
20 13
10 8
84 2
92 6
22 86 88 35 17 8 67 93 90
55 48
9 28
56 72
45 85 64 12 87 31
59 84
65 1 59 60 74
8 16
90 84 4
1 78
44 8
80 93
53 88
38 40 63 45
47 62
5 79
31 86 68
58 83
75 33
33 17
15 90 47 82 49
83 57
88 38
27 39
71 29
86 62
91 69 8 32
32 15 47 45 41 37 71 20
82 50 60 37 74
52 93 27 24
39 78
74 24 36
93 82
43 9 41
60 20
51 50
35 6 42
63 93
28 23
70 39 34
40 70 48 39 15 46 64 36 62
66 70 30 75
17 43
37 10
85 35
16 66 76
12 1 77
50 25 11
11 45
29 12 16 52 64 38 63 56 46 44 30 83 76 55 90 25
46 73
79 51
81 29
23 90 52 72
69 2
4 81
72 57
3 71
64 43
62 77 69 22 30 32 54
19 65
7 39
42 6
77 74
18 80
26 75 29
0
13
2 5
11 3
1 11
6 3
12 5
13 3
4 13 12
3 11
10 9
9 11
5 7 6 4
8 11 5
0
75
55 14
40 46
75 17
12 9 69
58 16 36 35 9
38 53 43 68 69 31 61
6 12 13
21 54
2 14 1 33
22 31
5 28 43 64
25 59 11 52 73 61
71 72
69 33
74 58
3 41
70 40 18
35 13
29 22 52 65 16 72 71 62 20 50 37
36 69 37 26
60 42 58 48 71 47 40 44 19 26 63 45 62 23 14
65 29
11 52
54 50
42 75 44 9 64 47 37 25
33 12 44
19 6
10 4
51 31 11
14 33 24 72 71 10 13 44
48 29
34 8
41 66
46 59
13 43 69 55
4 17
7 18
61 58 75
66 6 42
23 27
39 14 6
59 38
1 15
62 7
49 46
53 28
72 73
37 15
44 21
17 34 9
15 73
63 23 35 67
43 26
47 12
24 65
9 34 13
18 6 50
73 28
27 8 3 37
45 38
32 70 51 61 49 64
30 21
64 47 67
16 15 5 33 70 8 73 65 62 54 25 23 44 48
8 2 33
68 60
50 10 31 71 54
56 42 69 73 41
67 7 11
57 14
0
9
6 3
4 8
8 9
7 2
1 7
2 7
9 6
3 2
5 1
0
83
80 74 59 52
74 73 41 81 35
60 67
68 29
52 8
66 35
35 55
83 53
81 18 5
14 33
53 6
55 31 5
46 82 15 79 83 47 64 53
31 54 45 77 47 35 78 79 68 3 66 33 24 70 2 58 37 52 59 51 48 17 27 21 4 20 30 74 40 36 14 29 49 8 50 19 69 62 16 83 15 46 12 75
36 73
26 52
11 59
44 81 79
64 12
76 6
56 78 46 13 11 6
27 59 60
45 52
8 48 74
37 8 50 83 69 26
47 52 49 3 76 9 59 21 32 23 15 71
71 68 4 51 70 75
25 11
40 26
41 76 18 82 43 5 74 39
18 16 53 25 38
70 56 52
50 27
39 10
59 30 80
49 70
69 5
29 41
65 45
16 8
9 11
73 7
7 50 26
61 75 52 64 30 62 66
19 38
78 57
54 78 26 33 21 64 80 72
21 22
17 32
13 45
42 39
12 7
34 20 5 9 58 52 51
10 44
2 31
48 78 38 56 5 81 1 3 57 29 12 69
82 52
77 70
3 28
22 12 78 35 1 33 18 45
79 62 37 23 75
23 6
1 57
58 40 69
43 25
15 26
32 14 68 15 49 70 37
5 24 56 81
75 37
4 34
20 56
33 10 23
28 24 26
57 82
30 65 58
62 30 78 35
6 16
51 6
63 24 64 11 56 62
0
98
73 90
47 24
8 75
54 51 46
77 88 61
86 38
11 22
69 40 57 92 3 73 47 35 88 45 31 41 23 89 61 60 55
95 44 70 51 36 58 91 75 16 84
34 11 28
58 63
39 58
15 9
98 66 72
75 41
68 41
97 72
18 77 25 80 71
35 47 89 96 41 85 95 56 6
25 13
28 50 45 29
93 59 52
62 86 16 73 31 82 57 75 68 83 54 34 47 59 9 66
40 88 96 77 13
31 7
90 85
14 44
23 90 21
46 49 76 8 2 68 22 42 81 98 45 71 83 59 16 61 87 48 37 92 10 40 26 55
50 95 79
37 43 10 79 14 71 23
63 97 53 11 27 89 44 6 14 41 40 68 17 35 42 55 39 8
89 91
52 79
7 23
88 69
27 4 85 12 77 24 73 13 84 32 86 96 59 34 98
81 60
38 57
87 50 63 60
92 80
2 48
42 34
30 8 89 39
59 78 47
85 4
13 32 34
74 77 35 17 19 78 51 21
21 16 66 51 8 64
66 18
22 98 60 94
20 74
71 60
51 40 94
55 19
32 52 46 18 3 61 5 91 68 53 58 6 93 79 35 30 89 21 47 49 2 23 64 31 26 86 67 4
96 4
10 42 84 93
41 20
72 5
61 44
29 2
83 2
91 22
45 85
4 26
82 2
12 82 78
17 25
19 31 7
84 74
53 52
49 60
36 42 55 51 20 4 76 85 29
16 4 91 95 31 93
79 72 47
56 31
57 85
5 10
24 80 44
60 95
44 40 45 86 51 69 88 6
26 30
1 85
80 71
70 39
3 18 55 86
64 1
33 6 86 92 56 5 4 98 43 31 63 80 71
48 50 52
67 78 97
65 61
0
31
12 20
31 25
6 20
25 1
18 14
22 13
24 29
10 22 3
21 19
8 24 26
29 28
28 17 6
26 17
17 24
9 18
27 26
19 28
15 25
7 21 16 2
5 15
13 29 6
2 22 29 20 1
20 26
23 3 12
4 18
11 13
14 11
30 31
0
42
32 35 25 21 33
19 11
16 26
4 36 7 28
41 27 42
8 17
24 21 25
12 18
3 34
21 9
29 13 40 6
25 18
26 16 37 5
42 3
40 8
11 33
30 23 16
2 33
6 24
9 27
38 13
1 33 32 3
36 42
14 40
17 41
37 16
39 38
27 13 15 16
7 8
5 19
15 25
20 33
34 35 37 12 39
13 7 29 30 24 16 8 6 2
10 5
33 41 27
31 36
35 25
28 2 22
0
61
9 55 18 15 32 56 51 48
10 39
43 11
23 9
54 32 9 43
21 30 43 52
12 3 39 13 59
5 4
16 61
3 57 34 53 1 11 6 61
15 43 8 56
48 28 49 18 43 23 7
40 22 50
61 37
59 5
18 59 25 19
29 54 10 59 48
8 7
33 2 7 38
30 60 46 35
32 55 37
49 35
22 2
50 26
4 28
13 61
56 19 45 59 24
20 52 39 51 44 12 59 11
7 54
28 11
31 38 51
44 24 6 36 7 34 30
36 3
52 58
11 38
46 35 14 16
39 17
27 22
57 7
2 18
51 23
17 5
47 48
53 28 47
25 23 46 38 20
19 1
24 61
58 54
34 33
26 29
35 41
37 33 18 3 48
6 34
42 11
0
76
67 25
48 15
32 23 69
63 5
68 53 40 38
36 50
24 25 17 31 48 32
35 74 43
69 67 12 28
30 31 11 63 2 58 37 56 64 75
7 71
44 57
28 32 47
5 71 49 26 47 69 20 57
52 47 74
45 71 38
18 8
3 38
72 60
64 32
53 3 40
25 42 40 69
26 39
38 72
59 25
70 47 52
73 15
56 73 44 21
47 75
50 35 23
42 72 34
17 70
39 26 47
65 20 74 23 69 9 56 76 44 12 8 5
62 28
12 72
66 39
27 17 41 44 24
11 33
29 47
41 69
37 3
51 15
8 74
16 7
43 44
14 45 13
75 37 25
4 25
71 66 29 51
9 59 67
76 58 11
1 73
33 52 72
23 53
61 8
21 72 1
74 10
22 38
19 48
55 21 16 40
20 59
10 4
34 30 29
31 3
49 36
58 46
2 32
60 29 64
13 49
15 72
40 66
57 9
46 29 45
6 72
54 24
0
64
50 17 44 31
52 53
23 38 60
33 15
64 41
29 55 40
55 9
25 56
61 37
56 42
45 13
15 12
44 30
16 13
20 64 63 9 50 14
35 21
7 44
62 27 20 47 35 6 60 5 33
21 49 22
4 49
2 10
51 27 61 10 5 32 8
54 15
27 56
53 23
28 2 50 13
13 18
63 49 53
43 46
31 63
5 48
41 7 9 51 22 5 39 4
46 25
1 13
58 20
18 8 32
37 35
14 23 6 34
59 56
38 27
9 22
10 62
12 16
19 5 38 9
24 50
8 33 5
22 34
48 51 21
57 3
32 20 61 31 6 17 44 63 50 4 59 42 55
3 56 25
60 45
36 50
47 25
40 45 2 39 3 10
39 37
30 45
17 23 18 27 53 2
6 13
49 64 5 14 37 57
26 5 23 6 29 7 60
11 6
0
96
64 63 51 83 53
66 18 95 17 9 78 87 73 92 54 33 67 86 58 96 55 27 46 4
89 32 16
42 16
72 67 36
81 50 2 95 7 74 31 87 83 47 88
58 10
95 7
22 25
27 1 86
16 53 51
76 42 1 63 54 26 57 11
48 95
90 49
68 12
35 62 44
53 59 86 33 57 79 73 18 45
78 54
6 50
4 6
57 56 85
19 80 46
29 55 1
7 78
87 16
17 16 30 2
13 51
62 26
15 82
30 80
91 54 39 4 46 9 5
3 39
54 13 17 57
31 85
51 7 20 92
86 42
37 87 3 32
34 54
67 40 21
82 91
20 24 33
45 87 76 54 19 74 85
28 94
21 95 72 77
8 48
79 2
96 6
32 29
84 2 30 7 55
94 61
60 3
56 86
33 87
1 40
80 74
14 24
2 32
88 34 25 30
63 68 60
44 32
93 43
83 35
40 74
23 68 50 59
36 15 94 29 60
9 75
26 70
49 39 83 53 80
71 26
39 57 1 9 78 48 22 62 77 42
52 6
85 95
46 89
73 74 58 60 47 48 49 21 31 93
11 33
12 69 78
70 72 27
92 21
55 12
41 88 90
74 82 49 69 68 8 66 46 45
18 31
50 90
75 80
47 46
65 92 71 13 53 23 42 7 17
59 25
25 10
5 49
24 35
43 36
77 81
61 77
10 11
38 30
0
77
77 37 65 41 19 61 36 57 54 35 46
20 68
40 55 10
36 62
15 74
57 52 34 44 30 28
75 26
31 29
48 75 32 61 47 64 26 76 14 21 4 49 24 22
74 21
32 22 77 52
59 1
19 45
27 21
67 1
49 61 17 74
7 10
50 62
66 34
61 1 69
23 18 13
38 27
14 38
35 28
11 6
41 63
60 65
63 48
37 13 46
42 20
53 54
16 77
22 12 67
13 30 1 45 48 28 9 24 44 25 60 58 11 53 16 10 73 34 27 5 61 12 71 64 15 20 39 49 66 69 36 77 57 43 21 32 40 8 67 62 42
68 27
6 19
46 4
45 68 67 49 20
73 13
44 31 9
33 64
54 10 51 70
24 4 55 42
64 66 76 71
69 75
26 35
17 44 40
8 73 16 39 20 12
52 57
21 66
4 52
12 23
72 19 21 58 22 31 60 12 10 13 65 62
56 77
5 9 73
9 55
58 48
2 11 67 16
25 69
43 5
3 38
0
21
2 18
9 3
20 10 5 2
11 9 3
13 18
7 3
8 18
1 14
4 11 8
18 17
19 1
3 5
6 9
14 4 21 9
15 20
5 10
12 1 6
10 6
21 13
16 8 13 18
0
70
49 41 53
50 53 56 48 25 37 6 27 64 28 39
18 59
25 45 6
52 66
38 27
64 43 53
3 48
19 49
1 47
29 45
26 3 52
9 25
6 38
63 32
55 23
2 66
53 23
4 42 8 17 57
22 34
65 37
60 4
70 56
24 11
69 38 58
40 59
31 32
56 51 36 57 32 66 11 28
36 15
15 24
59 40
43 39 37
14 25
48 51
35 19
11 61
33 52
44 49 42 64
10 17
57 27
21 52 5 36 43 58 29 26 44 4 22 47 8
20 11
7 60
23 63
32 23 68
5 27
28 43 23
58 66
68 52
34 21 23
46 12
12 44
66 56 62 27 41 40 45
41 51
13 6 5 19
67 63
54 50
47 22
45 18
39 8
30 36
61 22 5
42 44 59 36 15 68
17 42
8 39
37 22
16 34 17
0
93
21 54
68 65
58 27
9 86 15 88 23
1 4 81 33 62 89
77 21 87 24 76 44 45
67 70
63 90
26 84
57 71
20 67
22 10 26 92 63 62 32 53 25 55 66 9 59 28 37 36 48 8 7 50 47 76
48 50 43 79 17 9 15 69 33 40 41
33 66 90
25 48
2 39
31 48 92 9
66 52 57 76
11 46
78 45 75
53 6 36 60 38 85
18 63
85 9
42 88
70 2
24 70
61 3 75 33 19
23 81 8
45 66 78 52 41
49 92 35
28 8
93 48
65 48
46 23
54 57
50 6 21 13
87 42 91 30 11
83 71
36 31 4
81 11 88
51 93
27 8
56 39 44 61 51 88 23
72 34
76 93
74 48 12 86
43 54
29 85
47 60 77 16 69 70 56
6 87 29 2 26 74 9 55 33
52 3 24
5 89
90 83
34 75
62 67 25 39 40
30 74
88 64
10 13
19 79 74
79 56
4 86
44 3
64 11 18
38 76
35 82 68
84 83
15 52 23
89 70
40 57
39 62
13 65
55 12
37 60
60 52
3 58 80 9 21 65 81 78 89 43 29 30
7 69
91 78
92 3 62 85 9 71
73 87
12 37
41 34
32 82
75 14
0
16
3 4
9 10
16 7
4 3
6 16
14 3 10
7 13
15 2
13 1
5 7
12 13
10 11
2 9
11 6 15
1 8 9
0
15
7 5
13 15
3 12
12 7 5
6 5
2 3
9 15
14 10
4 14
5 3
10 3
15 12
8 4
1 5
11 2
0
62
11 42
19 48
12 27
23 53 61 45
24 10
26 51
59 29
28 42
58 16
39 36
31 37
36 43 31 12
46 58 15
57 46
56 32
48 56 35 6
29 61
44 60
1 57
10 16
7 38
60 27 31
13 20
18 49
38 36
50 13
49 8 38
42 51
4 17
6 27
15 19
34 3
32 62
3 1 54 49 39 2 60 13 45
33 27
16 23 54
52 61
2 21
53 5
27 3 40
43 61 9 35
30 42
5 21
14 22
17 10
22 53
45 30
55 57
62 59
25 61
35 18
20 12 56 31
61 56 14
47 12
40 44
51 47
9 54 31
37 17 27
21 61
41 53 61
0
82
73 57
71 24
82 43 19 40 50 24 6 66 79 7 58 73 41 17 30 61 2 18 56
31 35 20 39 78 40
80 13 24
76 74 34 48
22 32
63 71
68 47
48 81 35 43
11 22
8 57 36
29 72 26 52 60 14 82
40 68
4 79
61 48
49 30 67 28 8 15 34 35 59 68 58 82 19 54 60 80 21 42 25 40 5 64 72 73 51 23 38 52
45 8
30 52
1 16 38 53
75 49 1 14 13
44 73
27 20
46 45
42 80 1 32
78 9
2 70
53 37
77 39
35 2
34 72 65 2
9 57 24
81 42
74 51 43
3 44
58 59 34 70
19 48 2
7 40 64
17 37
20 66 14 35
37 49 19
6 41
79 39
59 63
47 20
60 82
55 71
16 12
43 26 61
72 47 17
64 18 29 24 67 43 21 75 68 61 69
66 38
21 71 19 38 58 63 22 80 55 10 65 34
26 24 56 62 1 47 33 75 59
0
39
7 10
21 38
14 36
22 12
12 6
38 17 39 22
11 15
30 6
13 30 31 11
9 5
23 33
25 36 27
16 17
36 35 18 27 30 34
10 33
24 25
6 17 32
32 7
31 27
29 10
3 11 19
1 10
17 35
5 2
39 34 7 27 37
27 34 13 5 15
15 2
20 10
35 18 2
19 15
28 9
18 8 17
2 9
37 16
4 21
26 10
0
68
10 55
3 14 7
49 54
7 43
9 8
39 23
56 58
14 20
46 44
55 42 26
41 3
13 43 60
33 5
53 46
67 51
40 28
16 68 31
37 62
4 57
15 40
50 3
52 66
2 23
44 33
64 7 29 57 26 15
34 27 26 51 57 10 66 53
21 7 62
19 23 64 24 42 15
12 57 20
57 10
65 30
36 7 67 20 4
66 56
18 43
26 28
45 64
54 18 20
31 17 64 26 22 24
47 54
29 17
32 27
23 19 6
43 6
38 31 60
48 21
35 64
30 15
63 39
20 67
28 6
60 21
59 1
11 30
22 47
8 54
27 59
24 63 13 50 14 68 52 10 16
5 21
62 9 31 35
6 54
51 2
25 6
68 28
61 3
0
73
1 22
6 44
37 12
25 55 21 71 7 64
12 51
61 21 12 62
33 68
64 51
3 33
9 28 66 57 22 68
66 73
23 15
65 11
21 42
8 13
16 12 34 65 61 72 60 25 46
41 52
42 29 31 25 63 24
20 54
44 24 55 34 39
59 61
67 25 66 56
68 13 63 58 35 32 28 30 45 11
40 65
15 48
29 50 60
71 68 5 22
53 68 65 42 47 44 34 46 10 16
2 67
38 43
70 29 68
55 70
14 49
13 61 20
18 25
31 60
35 58
60 46
69 57
10 31 11 46
22 39
5 36
4 34
27 15 58 20 5 7 25 48 56
36 47
19 4 28 16 18 69
43 42
58 51
62 53 30
56 32 39 69 16 66 6
46 56 2 61 50 67 24
63 72 44 30
28 1
48 26 25 62
72 63
47 40 53
73 57
49 59
7 64
45 18 60 55 3 66
57 44
30 71
39 25 61 46 2 28 41 37 12 71 44 9 11 65
51 39
24 1 42 37 3 27
34 43
52 69
50 16 58 12 25 14
54 10
32 42
17 39 67
0
45
30 12 37 39
8 3
28 15
17 45 35 16
33 18
15 44
25 43
36 21
1 43 26 12
24 27
42 36
9 44
34 19 21 22 18 43 14 44 6 17 15
13 27 38
39 35
45 1 14 2
6 7 37 36 30 18
35 38
2 31
44 42
41 44
18 24
5 44
19 2 33 26
7 37
20 2
22 45 26 21 36 20
27 11
16 45
40 32
23 20
43 10 44
21 35
14 40
29 39
32 18
3 30 1
11 17
4 14
0
43
41 38
38 42 19
4 35
33 1
39 14
29 26
36 16
34 38
37 28
2 42
27 26
11 6
1 21
30 5
21 37
17 25
32 42
6 31
14 33
23 26
28 40 42
10 42
35 18
8 13
42 13 6 21
3 14
13 12
16 31
22 2 19 3 38
15 24
18 14
19 43 9 22 10 11 8
43 41
12 10
31 40
7 43 28
40 16 43 13 25 32 27 5
24 21 39
9 17
20 24
0
47
5 18
30 40
45 44
21 13 27 31
47 24 8
14 6
6 21
23 6 5
43 39
18 22
28 31
31 37
27 45
38 23
22 23 16 15 11 19 4 17 30 6 34
37 27
41 25 33 43 13 35 45 3 12
25 19
10 17
17 5
29 34 36
12 38
39 16
11 43 4
16 10
46 20
40 9 47 26
36 8 34 20 33 26 2 7 39
20 43
2 30
32 12
35 38
44 11
24 38
42 18
1 28
0
27
27 15 24 4 5
14 4
8 2
3 13
6 18
7 8
25 21
20 27
1 12
17 12 21 3
24 16 17
13 11 20
23 12
9 20
2 19
21 17
5 9
16 8
26 10
22 21
19 10
12 10
4 18
0
64
5 1 31 13 20
32 41
21 22
13 41
19 6 33
22 20 33 46
23 1
48 13 37 24
52 19 23
38 35
9 61
60 49
42 19
57 42
33 23 39 27 1
59 27
44 40
39 5
31 64
6 62
28 55
18 62
27 41 54
43 63
20 42 57
30 29
49 57 10 43 60 8
16 20
53 42
7 20
51 1 29
41 62
56 54
29 45
34 10
17 49 20 8
62 37
58 41 5
14 46 48
1 46 11 52
47 40
37 51
64 39
10 15 60 40
61 15
40 61
3 9
46 28
50 56
55 10 38
12 15 17 9 64 20 58 41 57 7 32 47
2 4
11 4 14 6
24 14 43
15 14 12 61
35 53
26 47 59 34 10 30 52 49 63
45 1
54 30
36 47
4 10 61 52 49
8 48 59 7
25 34 22 21 15 55 46 54 31 51
0
91
11 72
36 34
85 27
43 61
34 9 55
51 60
12 85
29 43 63 25 16 20
79 6 16
24 58
48 78
41 89
31 44 73 63 30 41 56 50 88
1 83
5 1
64 5
82 11 15 47 65
20 1
84 77
59 41
15 58
10 82 73 28
42 14
54 73
35 52
38 88
9 22 74 45 55
22 34 91 49 48
91 37
90 56
73 35
71 73
78 14 15 13 62 80 31 2 12 66 28 41 88 30 76
30 2
18 72 27
70 63
28 86
88 51
25 66
62 9
46 23
47 61 20 28 27 50
49 3
89 23
50 31 1
81 47
61 85 6 57 59 37
8 62 28
68 66 53
14 78
63 4
33 86
32 59
66 76 25
69 68
58 34
77 33
53 56
2 48 81 35 90 77
75 53
16 17
4 41
83 67 48 22 36 11 38 46
80 33
40 2
76 63
87 33
45 6 2
44 41
37 21
27 88
86 27 56 88 20 72 4 10 70 87 36 85 51 9 22 47 62 19
7 85 65 31 55 53 39 44
72 11
23 39
17 4 43 62
13 30
65 42
60 21
67 24
52 66 82 22 5
74 26 54 11 86 81 75 62
0
79
73 38
38 3
44 53 9 57 54 78 52 2 70 20
49 63
61 48
16 10
72 28
17 70
23 34
46 9 13 38 27 17 65 40 44 57
29 5 63 7 2 76 31 36 43 32 70
10 4 57
43 60
55 62
51 69
48 73
75 46 6
66 69
65 16 72 35 44
68 8 22 19 67
62 18 40 19 50
6 55 12
52 43 3 64 31 62 35
58 77
45 6
36 33
28 41 63
67 70
14 46 29 9
33 20
5 74
11 60
40 38 15
53 56 6 25 79
9 6
77 68 53
60 49
25 71
20 79 38 76 42 6 64 15 40
64 49
34 51 33 32
79 53 6 18 37
74 10 18
59 25 29 65
31 39
12 15
26 7 76
4 58
54 70
42 59 26 71 40 23 49 22 13
47 13 79 44 29
71 21
32 18
7 46
22 30 62
69 29 53 57
70 39 8
56 40
13 74 32
37 61 9
41 48
27 57 33 7 41 11 43 64 22 60 29 71 28 10 79 62 31 15 25 67 75 38 3 6 40 51 48 45 20 37 69 26
1 27
78 20 54
18 7 26 36
21 45 53 59 14 56 4
35 6
2 31
76 7 45 44 41 17
63 32
39 14 19 69
30 58
24 77
0
55
3 16
44 49
36 52 4
15 48 46
26 50
9 4
51 31
45 53
17 29 18
12 23
25 51
1 23 2
55 51
24 40 14
43 6 14 13
37 3
2 7
14 25 19
5 12
48 47
27 11
33 43 28 7 53 1 19 45 9 47
31 3 38 21 36 11 53 34 10
35 38
42 33
19 21
22 42
20 4
23 26
7 33
40 46
16 36 47
13 26
18 9
46 53
54 11
28 19
41 50
6 5 43
29 37 31
10 24 7
49 13 10
53 51
4 2
30 36
32 7
52 35
47 27
38 18 31
39 49
50 19 6
11 7
21 12
8 12
0
41
17 40
2 29 23
3 23
31 3 35
12 34
26 11
10 31 24 15
39 31 6 41 11 19
35 26
21 18
14 10
34 40
38 11 2 1 9 7 31
41 36
5 25 17 18 14 23 26 12 38 29
32 12
9 14 38
29 15
23 10
22 5
36 25
18 30
15 24
4 11
24 41 9
11 8
6 21
16 24
25 16 29 35 19 39 1 24 40
33 27 13
27 39 28 2 36 29 26 34 41 1
40 20
1 2
19 32
28 33 38 17 8
37 29 19
0
92
10 57 35
31 36 59 61
47 49
21 30 56
49 64 66 22 47 9 28 15 3 75 50 38 10 44 87 30 52 78 18 60
23 67
76 85
85 76 32
74 84
69 64
44 30
4 19
90 82
82 41 11
75 15 42 14
56 52
55 44
88 21
17 76
50 17
77 83
24 44 34
81 54
11 82
70 74
6 88
83 25
78 60
43 76
1 8
66 88
63 69
5 22 3
64 70
14 76 63 25 1 15 84 60
42 12
41 58 15 32 43
18 41 74 43
15 42
37 87
12 89 83
51 38
54 15
57 59
7 50 53 3 67 38 4 1 91
2 10
58 83 24
36 88
38 68
48 58 3 38 29
26 50
67 62 18 48 49 65 13
92 77
29 80 83 58 55 4 71 53
65 55
13 89 6 1 7 91 34
79 80 30 24 62 20
40 67
32 54
59 29 12 6 38 31
62 87
53 12
28 78
33 27
30 28 65 72 78
34 70 45
86 56
46 48 5 71
25 3
35 70
68 50
72 41
87 9
27 77
8 46
16 20 39 81 30 29 74 55 13 66 84 77 76 28 43 52 42 32
84 5
39 64
20 91
61 23
3 6 22 70
73 25
0
43
13 12
39 29
43 1
36 17
11 8
40 12 35
20 35
25 2 32 28 14 37
16 41 42 27
32 3 13
14 29
2 18
27 6
38 2
12 15
17 35 8 36
9 33
30 22
28 38
15 33
8 19
1 26
41 3
23 4
37 21
5 42
3 7 20 27
18 6
4 10 15
42 4 9 32
10 11
29 11 13
7 20
33 19
34 37 13
19 2 6 14
24 32
6 42
21 26
22 31
31 18
0
95
82 2
6 49 85 28 3 76 60 50 59 12 91 39 94
3 5
4 72 78
83 5
80 63
36 61 85 32 21
65 94
53 63 2
84 69 6
76 42 1
75 66 64
68 46
35 57 81
86 83
85 94 59
41 62
10 51
22 42
54 69
61 86
39 19
21 13
11 26
30 43
26 58
91 28 52 6 39 1 25 61 30 88 54 15 56 81 58
81 2 23 65 73 56 85
15 94
44 16 60 39 93 63 71 12 5 95
77 32
66 73 30
7 3
37 52
16 70 38
64 16
34 79
48 67
90 54 55 67 1
87 89 57
55 80 83
74 29 33 28 30
24 77
62 74 43 56 39 21 1 87 55 69
17 76
2 29
8 36
51 24 92
57 58
93 95
32 94 21 42 59
13 3
89 33
5 86
70 53
38 94
56 90 53 83 22 87 82 9 61 94 42 48 80 2 95
95 44
23 77
58 93
78 48
49 20
79 35
60 49
67 15
59 86
27 70 55
12 7
72 21 14
88 62
94 81
73 74 54
29 14
46 12 43 9 41 38 42
69 5 17
1 84
42 85
20 8
33 89
19 70 9 28 5 72 83
71 38 67 92 47 24 31 64 46 4 75 13 26 93 1 32 23 2 9 7 8 44 78 74 58 29
25 19 63
40 74
52 92 31 51 15 19
18 80 27 48 61
63 10
50 21
43 54
45 74 90
0
58
44 43 25
47 11
34 2
4 57 15 30
28 37
41 14
8 35
19 13 26 48
16 10
55 38
40 17
57 36
7 56
14 10 48 7
29 3 30
54 45
53 20
27 26
50 28 33 4
31 8 33 41 48 44
1 18
17 36
6 9
38 34
46 35
25 32
30 31
37 29
11 48 1
32 28 50
20 23 15 2 27
5 11 33 16 6 7 48 17 47
10 22 27
21 50
13 31
35 15
48 44
15 52
43 33
49 30 29 39
9 49
51 26
22 35 52 6
18 30
23 11 45
26 46 50 58
24 49
39 16 34 58
3 10
56 25 33
52 9 50
58 26
42 19
45 28
12 13
0
84
81 23
10 81
69 37
64 4
28 84 15
34 82 4 26 6 56 50 35 20 59 55 27
46 2
32 34 38
71 7
78 73 77
82 81
42 14 83 51 15
79 42
50 20 29 45 80 66 2
45 83
26 11
24 11
30 39 4 20
39 24
54 65
37 4
38 47 35 25 40 71 77 26 10 46 27 55 59 78
35 18
53 23
48 24
1 57
60 39 1 57
17 11
58 60
13 69
27 11 29
51 74 73 61
7 30 74
57 8
76 80
75 10 77 59 83 30 71 56 27 53
61 45
84 74
62 10 52
66 16
74 30 6 61 1
4 38
72 10
21 71
11 77 15
44 24
52 10 19
5 15
56 18 20 69 45
77 17 18 34
8 79 25 53
80 11
33 83
9 72
55 8
6 36
68 47 18 34 57 69 63
19 10
73 8
20 44
63 83 11 19 7 70
15 66
65 1
29 27
36 74
59 4 75 6 20
31 73
47 46 12 4 43 77 63 44 15 21 55
83 70
41 35
3 2 75 6 61 43 16 22 53 54 66 38 65 72
23 62
70 72 77 4
25 18
12 38
40 13
2 70
49 68
43 12 8
16 69 51 28 50 19 52 76 3 15 34 72 27
22 13 46
14 12 33
67 27
0
87
63 6
77 82 21 9
42 34
78 26
30 7
33 30
4 18 50 76 17 26 53
79 32
39 54 26 34
57 59 75
65 75
85 28
40 80
45 48 9
11 78
48 17
81 75 33 47
71 12 7
83 4
51 35
15 59
74 82
70 51 29
19 1
16 61 66
34 80 5
18 29
22 10 24 18 56 84 75 82
62 50
52 7
7 75
53 54 87
29 80 86 6
28 63 85
3 34
8 84
69 67
9 48
86 15 12 24 4
24 87
84 86
66 76
35 86 41
10 70
64 39 20 73 35 46 68 33 8 66 63
82 36
32 86 17
2 77 15
54 57 85
38 44 30
36 19 64 45 76 53 27 55 11
76 67
23 32
44 8 53 14 56 51 57 84 22 31
31 58
26 83 7
14 15
47 26
61 21 50 43
17 71
68 85
73 87
20 22 85 75 65 39
55 9
6 73 77
56 39 79
43 23
87 44
5 68 44 80 26 66 70 58 76 38 32 69 2 20 60 33 1
60 27 3
1 68 55 63
59 54
27 8 5
13 8
72 56
75 53 73
49 22
21 63
41 26
37 65
80 84 45
58 76
67 38
50 4
25 63
0
29
21 22
26 28 13
25 8
16 17
14 21
19 13
4 22
20 9 23 14
2 29 26
12 4
24 8 4 2 26
7 20 5
8 14
28 3 10 13
10 15
1 22
3 22
23 14
15 14 2 27
5 20
6 8
11 20
27 13
18 25
17 20
0
23
18 20 11
13 11 1 9 15 5
17 15
22 8
11 7 18
7 15 11 5 2
21 13 16 1 23 14 8
6 18
3 6
4 23
19 12
2 9 15
10 22 8 2
1 15
20 21
5 7 15
14 23
8 21 19 5 10 20 22
0
6
6 1
4 3 1 6
1 4
3 4
5 1
2 6
0
13
2 4
3 1
10 8
11 8
1 9 13 10
4 6
6 4
12 6
5 10
8 11
13 10
9 4
7 13
0
63
22 20 45 53
9 20
18 32 42
52 9 14 30 47
31 15
56 45
45 10
27 13
34 45
62 11
58 29
16 29 57 55
26 18 20
38 46
61 43
28 48 63 31 33 7 46 50 44
8 6
36 50
7 38 22 58 8 28 39 55
6 15
43 30
35 27
3 32 34
63 27 2
30 58 39
15 13 35 46
19 50
39 7
25 22 60 46 56
41 44 11
32 54
17 58
51 46 23 54 40 33
48 5
24 2
53 62
4 31
1 18
5 24 9
14 13
40 24
57 20
54 5 57
20 50
49 3
12 18
10 44 60 50
29 44
55 37 19
23 61
33 2
42 43
11 14
37 42
13 28 60 47
46 43
2 62 5
47 42
50 32 22 3
21 36
59 38
0
39
7 24
4 22
11 28
19 39
5 13
21 37
25 17
20 29
32 15 13 30
33 3 15 6 1
27 24
14 15 31
17 28 11 21
15 8
13 25
8 2
34 25
22 19
18 37 31
39 30 29
23 7 38
30 15
16 13 30 15 32
37 1 8 11
6 11 24 30
29 18
26 4 33 31
10 13
36 12
2 38
31 25
3 17
1 22
24 27
38 28
9 30
28 7
12 38
35 21
0
39
21 19 29 10 37
34 4
16 17
17 30
7 29
33 26
24 27
23 25
29 22
5 23
26 23 38 29
35 10
31 20 2 12 10
12 21
28 8
1 35
20 17 31
37 1
25 6 21
22 28
10 25
14 12
3 4
27 18
36 11
11 30 12
32 19
2 23 34
39 28
9 24
38 19
19 3
30 32 18
8 31
4 14
6 36
15 10
13 29 4
0
51
40 42 25 16 49 31 5 7 28 2 27 1 24 3 39 47 17 18 20 6 9 14 46 13 45
17 42
15 38
10 51
5 39
16 49
37 16 11
33 11
7 4
28 9
48 47
20 6
44 5
19 27
14 33
43 3 38
35 39 10
51 1
9 20
29 6
38 43
32 38
6 27
41 30
4 51 13
11 40
23 22 37 14
50 6 43 23
31 22
30 17 21 44
36 13
47 26 39 3 38 45
22 33
12 31 33 4 34
24 13
45 46 42
39 15 34 11 48 38 35
26 12
8 47
0
27
19 2 16 6 24
21 8 16
27 24
17 26 22
12 22
15 18
25 13
11 20
20 13
4 9 25 1
7 20
3 14
10 27
24 16
8 21
6 21
2 7 23
16 1 12 24
13 15
22 21
14 24
26 10 2
5 11
0
79
1 61 18 15 28 71 13 35 40 46 31 8 51 66 64 55 68 41 72 38 7 77 78 37 75 79
21 44
18 64
11 67
43 64
36 1
17 35
60 34 20 2
49 18
71 14
25 76
69 71
45 3
76 8 57 27 56 24 54
20 60
67 32 49
63 38
39 78 46
68 11
5 70 29 15
27 8
55 77
31 14
9 5 53
12 6
51 25
14 15 12 69
66 69 27 62 42
16 55
19 9 39
26 29
79 39 65
33 43
24 75 76
4 37
44 75
38 74
62 11 17
35 1 3
74 45
57 46
37 36 51
54 32
28 23 27
70 24 14 46
41 61
77 15 36
50 55 33 27 1
56 78 39
48 62 77 1 69 55 45 6 8
78 71
30 45
75 79 3
3 76 33 49 75 78
53 32 11
73 44
2 68 77
64 34 45 76
42 70 47 51 32 11 20
52 37
13 63 2
59 29 1 39 65 64
58 66 13 51 79 15
7 78
32 70
65 47
34 6
23 19
47 79 25 32
46 38 54 30 32 75 49 2 33 4
40 71 62 50 38 74
8 44
29 35
15 34
10 16 53 26 11 62
72 56
61 71
6 2
22 10
0
86
1 41 31 11 30
4 73
76 68 52
30 63
32 3 43
17 61 57 13
21 16
19 1
70 72
2 9
71 14 55
47 43 51
56 67
31 2 34
37 25
65 40
3 85 22 83
24 35 23
9 32
25 26
63 41 84
15 3
66 63
58 68
81 33
83 18
46 4 42
64 13 47 25
44 33
85 22 49
73 78
33 4
53 61
34 71
45 65
18 25
36 13 37 76 83 26
68 50 53 76 78 6 19 77 51 49 15 59 85 20
75 73
7 16
51 44 76
16 52
5 54
11 4
86 85 35 74 45 83
10 46 81 65 7 30 83
79 36 54
80 33
52 66
26 71
27 48 56
77 3 84 31
23 47
62 57
40 3
49 15
78 69
20 79
57 63
35 40
74 7 28 16 64 66 29 56 68 85 33
22 48
29 83 61 46 24 76
12 30 52 45 37
42 53
84 8
43 12 71
8 86
67 44
39 41 57 38
82 57
14 80
69 79
54 34
38 30
41 23
13 78 49 38 77 4 15 28 29 30 86 32 5 14 39
48 70
6 58
55 37
60 12
0
78
36 49
75 37
23 77
69 13
61 14
56 44
77 21 65
52 64 54
11 36 41 64
29 78
54 75
55 14
27 41 58
12 43 32 47 2
57 17
58 34 19
51 50
10 26 42 2 75 39 36 13 47
31 67
38 2
46 73
40 19 59
8 69
16 71
24 1
43 20
35 55
26 69
22 24
13 53
63 17
66 32
2 36 20 41
71 20
42 51
70 31 5 64 21 67 57 23
25 51
9 52
59 77
7 23 26
20 31
17 58
19 56
50 67
49 18
62 75 78 23 29 40
76 2 27 31
68 14
14 38 32
78 73
48 69 27 62 18 63 23 6 44 61 16 54 60 51 1 37 8 78
45 76 16
67 49 65 55
53 45 62 25 37 5
3 22 2 74 27
21 19
74 43
41 55
34 20
15 5
6 11 64
5 35
65 55 38 14
30 12
64 67
60 51
33 71 7 40 57
32 50 25
44 28
73 72
18 48
72 57
1 48
28 35 11 78 41 58 77 44 57 20 51
4 64 14 22
0
47
5 4 45 40
6 15
37 16
43 38 16
16 24
18 19 43
44 2
31 25
3 17
42 36
10 31
27 40
29 8
24 20
20 15
1 24
2 30
12 41
4 45
34 8 7
11 38
30 3
7 42
38 47
14 13
36 13
35 26 34 13 23
26 13
21 4
13 30 33 31
8 27 28
47 34
19 25
28 6
39 47
33 13 31 8 2
45 27
46 41 24
15 23 18
23 43
41 34
9 6
22 32
32 28 2 43
0
22
12 16 9
11 10
19 13
1 12
18 15
20 18
16 8
6 12
17 4
8 2
14 3
5 13
4 6 16 5 17
2 4
9 14
15 13
13 18
22 11
7 15 22
21 13
0
15
9 12
12 13
1 11
8 2
4 3
14 3
7 5
15 12
3 9
10 6
2 5
6 12 15 1 9
13 7
0
52
13 5
9 20
42 21 40
35 14
33 28
15 24
38 22 24
31 33 23
29 47
50 1 44
30 11
22 19
25 36
5 11
45 27
19 38
41 19 52
11 23 36 25
4 42 8
49 25
51 45 22 34 43
34 29 12 11
8 27
7 35
44 22
12 35 23 15
18 6 13
39 38
36 4 6 34 10
23 13 30
43 47
16 28 38 19 50 15
28 31 35
37 2
14 38 6
52 33
2 48
24 23
27 15
6 48
3 18
10 8 12 47 13 44
17 39
1 37
32 45
48 5
21 25 17
20 21
40 52
47 13
46 38
26 47
0
67
17 55
29 56
16 51
12 30 43
20 28
67 56 20
66 18 52
38 49 60 9 62 37
54 31
58 14
5 34
25 62
4 16
31 49 12
6 30 39 2
59 52 41 1 56 23 38
64 66 41
28 65 43 25 62
27 37
26 9
34 21
41 59 8
15 4
24 38 44 59 28
7 14 66 54
60 12 30 33
56 43
30 43
37 51
62 55
43 25
3 8
35 58
1 21 15
42 23
9 43
46 10
33 22
49 53 66 51 21 18 63 67 8 55 6 37 33 19 64 24 44 29 1 15 32
21 26 25
55 36 50 13 64 67
44 24 2
61 17
40 56
50 11 2 1
51 8 17
48 39 16 21 52 29 53 24 67 42 20 58 50 36
36 65 2 31 13 50 1 14 28 3 52 55
14 54
45 9
11 67
52 57
47 16
32 52 15
10 63
0
12
3 12
11 2
12 6
10 11 1 6 8
7 10
8 11
4 6
9 10
1 4 10
5 1
0
4
3 2
2 1
4 3
0
14
9 12
8 5
13 9
4 10 1 14
1 6
10 7
7 14
12 2
6 4
5 14
11 10
2 8
3 14
0
25
23 6 7 22 14 5 4
3 8
18 21
9 16
8 5
15 4
25 18
11 21
5 11
24 23
19 9
13 12
1 10
16 25
2 1
10 3
17 16 8
21 19
22 7 5
4 7 15
14 21 7 3
7 9 14
6 22 19 5
20 12
12 5 1 25 18
0
61
49 22
23 56 50
34 20
55 49 22 2 10 45 27
40 47 14
36 52
47 25
12 46 43
43 27 19
19 22
37 34
11 5
30 34
22 39 48
20 44
33 21 58 52
4 53
10 16
14 16
46 39
28 6 59
56 17
6 52
61 55
54 11 21 17
39 60
59 39
52 28 60
50 46
26 24 54
29 31 32
13 20
24 10 57 36 3 38 5 12 45 40 54 29
9 45
48 55
2 47 44 50 33 24 42
32 25
5 28 11 47 33 17
25 52 34
57 36 51
16 23
42 58
60 30 13 49 61 47
31 25
27 40
7 8
21 25 50 52 17 13 19 41 40 55 4 18 29
18 5 49
53 46
15 37 16
17 52 21 30 43
51 12
8 10
44 30 58
1 9 6
38 20 43 55 19 60
58 29
41 35
0
89
2 29 86
18 64
21 40 82 66 36 73
36 43 71
71 14
29 45 5 20 43 40 3 78 32 35 21
20 12
53 77
43 45 79 6 47
89 52 14
88 31 86 2 40 61 67 32 1 3 34 47 78 39 27 11 76 52 66 63 48 28 9
69 10
54 78 13
80 34
85 42 2
7 11
74 58
25 84
83 21
3 17
39 31
40 54
58 43
11 70
63 16
34 74
49 75 68 55 17 52 25
86 80 40 78 24 16 29 22 36 54 43 35 67
16 49
62 58 46 85 2 33 7 1
68 86
65 67
87 63 20 22 64 35 77
17 43
51 17
67 21
55 30 24 74 21 40 66 32 82 49 51 68
48 86
73 28 11
42 16 63 19
24 43 64 76 62 47 81 45 68
81 49
32 65 37 33
79 25 69
82 89 56
27 43 52
28 10
60 75
12 58 73 27 19 80
78 59 74 40
56 30 26 16
35 48
84 25
70 10
75 49
57 58 72 47 78
30 87
26 61
59 34
45 84
31 10
15 66
64 68
5 46
38 77 7 21 22 37 71 34 26 17
50 9 20 43 59
66 67
22 85 6 53
9 88
41 8 52 20 35
1 40 43 17 4 12 57
61 42
4 33 8 29 49
33 84
77 36
46 23 59
52 89
76 69
6 59 83
19 81
72 84 31
8 63 50
47 78 25 54 51 37 7 83 70 63 56 30 31 22 23 57 29 34 77 72 76 55 82 69 1 43 27 80 61 87 17 42 85
13 46
44 80 47
0
87
63 71 65 76
57 66
74 44
1 79 21
19 41
67 22
13 43
9 17
29 52 72 54
79 46 9 6 80 51 26 50
60 51
18 33 78 44 76
83 62
8 77
56 7 71 33 58
15 26 75 61
46 28 73 56
28 68
32 47 58
87 11
21 1
7 81
12 75 63 87
47 40
80 32
70 76
4 53
75 74
69 16
58 1
53 32 42
66 25 63 26 2 60 33 59 9 45
33 37
11 79 65 55
76 44
72 47
86 11 46 77 76
14 35 17
23 39 48 13
26 33
45 49
39 40
52 61
2 83
59 40
36 63
51 22 7 6 86 28
54 30 19
65 79
5 16
31 42 23 22
42 7
6 50 47 38 63
55 80
20 25
77 15 72
82 54
61 10
3 81
27 16
49 85
84 77 87 37
37 30 86
43 77
68 55 43
41 73 11 25 63 49 13
71 78 37 63
25 27
78 4
10 27 61
85 31
64 26
62 25
22 44
73 65
34 65
16 41
17 84 22
40 78 56 49 23 30 69 1
30 46
24 71 19
0
47
8 37
40 46
39 11 32
14 29 31
16 2
3 28
17 40
33 25
30 38
44 32
20 23
21 14 40 35 2
24 15
1 39
27 21
34 44 36
22 1
12 1 15
15 42
6 25
25 20
45 13
4 30
2 9
23 46
29 40
26 36
37 34 36
9 15
38 28
36 47 40 7 38 5
42 11
46 4
19 27
18 20
7 13
41 11
5 26 40 18
31 45
32 33
10 20
28 41
11 19
43 34
0
64
16 55
5 29
33 29
58 43 34 62 15 23 39 53
28 51
8 7
17 62
30 24 14 32 25
37 61
64 7 27 19
47 21
27 5 29 13 26 2 9 25
61 57
7 34 8 28
9 12 32
13 29 14 32 21 20 36
10 23 7
31 14
19 50
1 24
32 18 2
62 54 15 58 29 59 43 35 47 6 30
60 43
11 49 7
2 49
6 19
29 4 59
51 37 43 18 22 25 23 36 2 9 62
3 48
41 59
59 5 39 51
40 46
4 43
12 48
24 4 11 12 43 21 57 15 22 61 42 6 41 48 64 26 53
52 27
53 17
49 54
39 37
15 56
50 20
14 4
55 20
18 42 16 32
35 15 60
20 40
38 51
54 57 58
22 18
43 60
45 39
48 58 38 11 4 9 44 30 49 19 1
21 3 47 9
57 58
42 55 7 40 11 58 14 36 60
44 27
36 64 7 16 2 11 15
26 50 53 12 14 5 47 13
25 37
46 50
63 60
0
99
83 87 57 59 81 60 80
26 45 67 97 80
27 94
29 65 90 13
25 41
68 25
40 55
34 6
18 77 55 38 41 76
69 57
94 46
22 70
73 71
99 67
62 88
21 86
61 79 38 6
8 49 48 10 23 99
95 71 97 18 49 85 63 27 45 76
4 54
50 25 63
85 42 2 74 3 28 18 76 31 98 56 41
32 36
31 40
3 86 54 59 84 10 97 15 99 79
1 3 55 60 17
70 11
87 25
92 50 30
42 67 79 16 85
63 57
96 42
80 45
11 48 25 4 88 79 1 50 24 62 34 41 92 73 99 72 44 91 43
23 73
88 28 35 51 75 58 13
5 67
76 32
91 99 82 33 58 92 40 52 97 21 46 71 43 49
37 1
9 19 11 29
79 73
48 45
59 19
97 73
39 75
36 25 99 38
7 13
89 41
72 14 1
64 48
45 58 23 21 62 63 48
19 59
75 2
71 48
6 25 71 94 85 58 18 45 8 92 17 54 35 43 63
14 6 45 53
66 79
17 43
13 5
43 55
30 41 12 93 90 83 36 1 86 81 50 79 19 52
54 21
12 79 51
55 99
81 65
15 16 32
52 6 86
67 43 39
41 87 28 46 19 77
38 22
46 19 26 23 57 66 36 9
53 38 93
33 36
20 76 58 99
98 96 81 86 89
51 85 9 40 94 29 31 68 84 28 67 59 79
35 98
28 5 83 31 42 78
44 82
93 49
56 53 55 80 5
10 23 56 4 37 18 57 62 79 88 73 99 68 28 60 24 95 5 61 3 69 20 77 25 14 67 93 31 87 26 92
47 80 73 70 1
0
70
1 38 67
16 53
4 14
45 57
56 11
18 1 66
26 35
28 17
64 35 34
19 39 43 29 32 47 5 1 27
11 54
69 13 60
59 41 70
14 38
37 19
23 17 41
24 43
52 66 14
15 2
33 25
13 27 63 65 49 69 2
5 46 55 21 9 70
44 52 63
35 63
67 36
38 40 69
48 34 18
20 7
7 70
68 14
42 22
12 58 60 28 61 39 67 23 50 6
36 20
39 52
6 18
46 23 43 47
58 36
3 55
8 31
70 62
10 38
63 1
22 27 18
55 39 51 62
31 25
17 21 28
43 3
57 59 65 17
21 12
40 39
32 40 24
29 10 69
62 44 2
25 12 70
65 21 47
60 62
27 35
49 30
50 4 6 66 26 59 40 2
41 29
9 63
51 25
47 27
34 37
30 41
61 26 24
66 48
2 10
53 70 8 26 15 66 64 35 10 4 39
54 4 58 61 62 64 15
0
7
6 3
1 2
3 2
7 5 4
5 4
4 7
2 4
0
85
64 79
18 50 3 33
37 35
5 61
7 45 25 80 5 44 49 39 37 12 68 26
26 43
9 34
75 18
24 79
52 85
50 84 75 4 33 44 69 27 19 8 32 25 80 24 74 78 30
42 60 1
69 34
29 18
41 39 34
65 19 59 57 64 30
6 59 25 34
14 29
72 24
60 56 44 20 24 17 2 14 72 74 19
68 71
77 61
17 54
81 10 44
11 18 26 64
79 3 47 54 53
57 79
80 75
20 7
31 79
73 19
63 77 25 47
84 42 82 48 30 75 45 73 51 54 49
22 61
38 65 53 25 74 9 21 37 80 62
39 66
58 4
35 73 45 38
10 69
40 78
83 3 16
85 59 73
28 66
2 39 72
12 39
53 45 38
62 16
43 31 81
54 11
3 76
13 66
51 71
27 23
55 81
4 28
78 53 23 40 79 37 63 69 24 60 55 61
70 36
56 12 70
46 3
76 59
61 71
67 84
49 52
82 34 7 83
19 58
45 64
47 61 70 80 15 45 24 82 54 35 60 27 79 11 67 63 49 18 44 83 16 75
0
22
1 18 2 7 16 8
16 1
12 8
5 4
4 11
8 16
11 20
22 12
6 1 14
19 2
9 15
2 22 3
17 22
20 21
10 14
7 5 1
21 8
18 9
15 18
13 21
0
35
24 18
19 13 34 27 20 18 31 28 11 23 21 26 17 24 22
28 26
17 22 19
1 26 33
8 31
31 8
6 20 12
32 10
27 2
15 28
3 26
22 1
18 7 28 32 25 1
33 19 31 32 34 12 29
23 22
16 3
5 9 2
13 5 34 4
26 2
30 13
34 31
4 14
29 10
14 10 33
9 26
11 13
12 3 30
2 22
25 5
10 32 29 3 19 16 9
20 15
21 18
35 17
0
48
29 13 16
10 13
27 42
16 26
5 8
46 24 23 31 9 34 47 15 44
14 11 17
42 29 48
33 45
4 21
22 20
25 3
17 45 13
43 36 34 4
6 17 18 32
45 21
23 36
19 30
41 9
39 25
47 17
15 10 33
31 16
26 12
34 31 39 41
48 46
44 32
13 26 2 9 35 20 10
3 5
24 41
35 45
21 17
28 31 8
32 20
37 35
2 40
11 32
12 14
20 31
8 4
9 47
30 2
36 46 5
7 9 19
18 22
40 16
1 36
38 12
0
56
55 19
44 1
45 17
34 48
39 7 41
52 1
40 8
29 25
30 5
51 14
53 34
43 25
23 18 8 34 31
54 13 16 20
8 36
6 52
56 38
37 28 36 10 17 4 31
36 45
31 56
5 3
4 1 56
47 56
1 15
50 40
48 23
12 1
13 15
25 14 31 28
38 12
7 5
41 45 12
49 7
11 22
35 33
15 36
26 11
14 37
19 5
16 51
27 36
9 40
42 41
24 22
22 17
3 31 12
2 45
46 17
32 38 41 13 4
28 3
20 10
18 38 15 21
33 31 48
0
75
72 13
70 61
29 70 51 18
13 22
31 17
74 72
11 36 44 54
22 45
45 61
6 3
65 72 51 54 26
60 19
59 39
55 58
8 10
32 15
38 67
33 11
54 15
69 75 23 44 12 2 15 56 11 13 34 5 16 55 26 33 40 73 52 22 6
19 16
20 63
4 46 7 1 52
71 68
39 25
18 21
37 51
49 56
43 30 4 66 27 40
10 34
48 4
61 31
16 63
66 59 5 68 41 67 48 26 21 8 62 35 37 22
42 27
26 62
21 32 64
28 7 30
57 1 37
1 15
73 49 36
52 65 23
27 15
47 3 38
7 68
14 50
41 7 20 11
15 59 50
56 73
64 35
46 29 1 35 64 27 30 26 65 10 14
53 34
63 48
35 41
40 2
67 26
3 31 10
68 34
30 58
25 7
34 69
36 29
5 13
58 15
17 46
75 28
50 15 9
62 39
51 31 11 50
2 12
44 57 51
12 5 61 9 50 20 42
9 23
23 18
24 69
0
8
6 2
4 3
8 2
3 8 7
1 8
5 4
0
42
27 7
42 25
31 22
13 14
28 22
17 19
34 35
25 10
11 16
21 31
22 15
7 39
14 39
5 26 36
6 3 27
8 28
30 33
15 21
19 26
24 10 19
16 34
10 21
2 21
18 14
41 12
36 2
35 4
37 17
12 38 25 30 21 15 17 5 24 40 37 11 8 7 22 19 28 27 23
32 23 19
39 26
29 27
23 40
26 13
1 2 5 36 21 3
33 24 36 37
40 9
9 34
38 15 13 31 36
3 36
20 42
0
0
