tarefas: 311
precedencias: 12469
197 33
93 191
87 128
234 123
25 66
287 217
84 9
85 205
284 309
66 195
127 68
282 99
108 281
183 304
302 161
120 161
3 297
243 92
73 172
267 205
200 51
129 293
54 244
164 81
25 211
309 240
160 43
173 11
149 37
220 72
1 283
79 137
108 266
170 161
148 20
254 33
44 107
200 121
141 24
117 210
83 121
234 258
133 298
65 215
155 220
91 240
78 310
17 96
272 48
229 101
237 176
253 8
267 71
185 7
50 263
85 48
229 131
182 84
200 118
128 258
295 73
212 44
112 153
273 154
256 47
15 95
88 276
174 267
19 280
155 160
287 99
19 203
299 234
250 203
58 305
134 162
155 172
227 38
213 230
19 33
196 110
193 147
205 299
167 53
191 234
190 271
157 122
309 41
286 56
249 49
234 59
142 140
6 128
174 210
240 119
39 14
84 41
108 211
79 176
215 207
154 124
216 23
210 208
142 23
277 220
28 268
68 247
71 90
108 18
141 122
26 268
73 277
110 275
234 31
73 218
25 102
253 221
66 86
151 190
209 257
287 156
309 33
134 271
127 174
181 197
17 89
211 255
295 153
104 91
249 3
52 131
25 107
310 257
182 181
277 252
134 107
25 28
34 301
146 99
145 187
112 118
224 105
244 41
248 163
265 111
286 242
110 5
193 300
124 283
112 114
63 66
224 262
235 138
109 207
134 138
218 180
170 51
52 34
267 279
289 264
302 309
243 31
224 45
4 276
235 209
301 16
129 298
173 68
17 230
272 70
118 187
160 307
228 200
220 40
256 187
48 11
160 152
188 5
134 145
124 11
19 243
259 151
103 11
250 293
226 263
265 36
243 300
120 297
204 261
92 219
172 57
156 216
159 245
65 53
309 176
151 258
74 307
24 197
298 190
51 252
65 34
204 217
160 33
68 14
155 142
120 75
265 258
167 67
287 118
290 264
44 123
71 136
62 305
127 180
69 285
193 234
301 11
108 298
151 30
163 205
109 101
133 179
104 226
32 221
267 101
26 68
267 29
224 294
160 305
308 33
3 234
287 307
230 48
101 184
190 132
43 252
146 116
17 298
104 68
284 175
101 138
235 258
127 66
173 37
135 102
256 58
245 8
66 264
190 131
279 10
213 18
307 86
278 180
302 63
159 61
77 60
249 5
271 28
237 18
65 187
148 166
206 234
294 140
190 89
133 131
183 208
3 113
63 121
295 200
276 95
76 5
202 8
268 184
65 83
4 66
217 71
193 30
115 106
61 230
103 214
193 32
35 96
78 69
34 199
224 146
160 280
200 113
112 141
200 209
274 96
265 99
17 107
172 18
226 76
121 89
218 42
164 110
267 64
65 103
17 18
218 232
3 217
32 81
226 118
119 38
167 31
112 233
58 131
289 283
136 41
119 131
212 186
222 170
16 234
256 204
108 158
199 239
282 170
171 208
4 40
124 55
138 221
129 67
160 170
155 124
68 59
205 80
212 62
265 161
18 255
287 129
75 166
295 196
48 14
188 266
109 128
75 170
183 185
19 214
272 32
124 123
243 161
48 203
285 263
183 251
167 287
104 151
145 102
224 4
303 36
2 151
290 128
253 260
281 33
115 108
188 275
66 203
73 304
49 57
302 42
176 132
114 233
16 86
308 276
287 205
249 58
85 82
127 220
138 123
170 185
216 102
78 177
39 80
236 58
8 211
157 9
308 162
178 275
112 222
249 269
301 117
160 168
267 156
276 285
226 140
94 242
272 46
134 291
193 69
98 80
92 216
273 263
256 48
185 263
50 114
34 308
173 279
39 200
21 188
98 94
285 122
51 306
5 244
16 90
302 281
226 244
98 57
127 17
17 184
77 95
133 99
18 7
73 105
182 232
73 18
107 40
181 58
209 60
309 105
303 160
78 90
295 101
116 217
68 260
99 264
145 284
291 72
96 247
235 197
215 144
290 210
84 62
240 9
129 117
88 186
199 80
157 55
98 277
238 136
124 96
83 46
193 192
44 42
286 304
252 57
265 92
62 244
117 176
284 158
281 208
115 10
238 210
154 96
229 300
290 293
64 180
111 310
287 11
172 139
253 203
111 301
104 83
234 125
238 8
88 63
229 106
288 165
235 204
98 166
94 23
162 300
122 184
2 285
105 71
133 273
76 152
84 168
167 111
25 263
128 86
39 66
6 30
37 136
6 204
286 270
155 50
34 40
100 258
124 269
69 277
100 200
57 132
68 7
215 201
298 148
253 219
145 116
232 262
45 20
182 176
309 116
32 182
217 58
250 270
127 59
271 58
83 201
257 123
82 9
77 263
190 140
119 260
25 214
88 232
308 219
167 69
281 14
48 125
267 197
200 69
308 106
230 75
240 242
231 122
111 117
58 95
212 16
87 289
39 197
259 40
284 101
238 43
18 140
116 122
267 117
53 131
157 14
42 67
228 81
303 287
191 41
19 52
282 104
240 6
236 306
39 225
45 131
276 179
65 164
108 181
78 35
265 293
202 71
17 271
281 211
37 268
269 131
170 72
36 260
218 49
303 165
222 62
143 168
272 3
100 96
207 306
256 89
32 244
205 234
148 152
164 54
182 219
295 308
215 108
271 185
120 24
167 115
4 245
235 276
278 42
228 174
302 277
173 27
66 266
32 258
284 9
223 31
139 69
277 40
119 67
6 31
302 208
172 258
87 70
150 42
191 110
181 8
19 54
295 14
37 242
295 66
146 268
120 51
236 8
230 9
144 172
108 286
83 57
205 204
63 33
49 131
117 94
115 79
127 247
275 261
145 137
167 16
155 230
34 141
114 152
238 74
144 164
228 221
69 270
122 36
245 277
195 45
179 86
37 298
76 217
308 273
66 107
272 86
167 104
59 86
224 194
121 51
88 200
229 206
235 45
144 10
204 141
215 308
127 96
228 142
144 301
145 105
226 116
226 70
257 168
144 250
193 268
298 291
289 138
91 166
145 96
236 99
217 157
120 298
16 183
74 211
230 38
256 306
212 198
151 225
276 260
76 187
308 116
289 23
69 276
116 148
172 154
245 220
155 48
250 30
62 168
205 294
51 122
174 283
238 197
58 10
289 175
216 113
172 205
199 301
58 242
117 90
160 24
91 190
143 257
25 307
95 89
253 216
272 292
127 235
284 91
109 250
215 67
229 61
280 258
68 203
218 48
78 207
65 252
128 67
172 196
116 67
173 48
64 299
4 86
216 242
66 221
19 90
171 150
108 107
102 70
25 180
91 277
32 211
276 31
3 257
212 252
77 10
170 14
111 292
1 81
100 36
153 115
130 288
51 260
245 175
276 9
82 222
65 242
193 273
303 25
303 286
17 293
256 13
295 75
77 181
307 255
155 111
68 122
167 262
150 232
163 158
205 225
271 285
2 107
67 7
287 162
240 258
267 119
150 57
222 75
68 293
27 250
301 196
112 179
26 214
182 30
82 175
104 176
308 44
226 62
17 218
95 260
91 6
145 214
143 293
274 105
253 69
174 51
77 75
160 232
224 60
220 242
275 125
190 277
77 270
287 60
173 58
109 18
148 67
124 170
307 47
172 302
155 256
287 280
287 157
151 276
34 153
245 269
302 37
193 13
269 152
118 305
77 252
273 36
153 42
154 247
77 196
116 257
245 138
196 180
146 75
34 241
224 145
193 75
109 82
19 306
178 273
34 179
68 72
310 299
217 55
238 119
100 244
155 308
27 101
308 268
110 266
241 216
106 38
299 166
250 125
270 59
84 300
250 6
224 69
84 138
253 7
213 276
272 87
250 148
215 117
173 302
163 113
83 148
308 271
287 231
63 281
4 251
183 277
6 42
109 249
200 261
3 148
46 124
171 304
286 62
280 49
240 181
171 94
48 36
35 13
35 71
212 251
256 214
224 20
17 58
19 147
114 38
143 211
19 9
155 301
144 297
49 97
224 47
25 281
245 47
8 131
8 113
21 211
137 48
41 45
160 14
104 289
2 94
241 11
85 92
66 23
91 14
120 56
12 23
202 62
93 83
275 221
249 90
120 67
63 41
82 221
224 90
74 118
65 261
299 226
16 60
200 222
85 42
91 28
19 149
77 180
295 217
167 184
25 225
217 306
34 216
310 263
134 114
128 304
119 132
87 218
128 132
100 213
34 205
101 268
224 128
249 170
8 251
19 210
253 48
257 187
92 309
104 116
179 306
21 201
205 260
19 14
228 89
114 91
145 23
163 66
114 28
290 76
48 157
87 260
154 131
4 30
145 183
6 219
249 46
202 28
183 250
11 293
105 33
37 119
190 185
240 48
98 91
307 90
87 48
124 166
121 201
98 216
265 241
144 239
62 71
222 221
151 118
238 62
65 300
237 41
309 255
295 274
200 60
217 195
281 116
145 225
267 152
302 13
135 59
114 148
68 225
256 197
17 264
181 268
160 3
250 258
299 94
251 255
224 102
25 294
160 0
254 40
281 187
209 260
194 294
148 9
12 119
110 13
122 297
284 242
44 242
268 168
134 237
200 208
295 165
249 143
153 119
295 8
280 8
153 234
145 90
304 33
68 179
237 149
108 5
241 270
157 36
196 149
47 291
193 206
126 310
27 23
33 187
280 242
63 97
256 70
287 16
250 122
265 73
121 300
120 90
209 276
303 113
35 43
229 282
182 255
237 10
134 136
54 269
290 161
289 136
63 40
155 123
148 113
272 170
71 45
199 242
231 242
275 269
294 179
78 118
149 270
146 65
121 3
250 128
301 89
157 261
121 94
275 293
302 218
21 200
85 0
299 101
62 219
285 90
0 83
205 84
243 136
77 298
145 141
178 55
202 6
34 162
108 202
112 252
117 157
39 123
193 275
141 197
37 264
51 304
143 247
229 246
69 266
263 7
301 218
209 6
164 148
66 56
100 13
287 161
193 80
130 305
193 38
66 275
230 175
188 150
84 217
88 71
160 309
25 118
167 61
296 166
202 119
17 137
134 264
32 282
77 121
127 291
236 132
100 82
19 82
8 161
162 57
284 30
173 35
212 145
224 10
188 261
4 183
295 25
121 165
249 304
299 152
206 245
272 58
124 262
16 158
224 251
88 31
110 47
237 225
112 214
22 94
229 196
167 286
3 40
202 260
126 227
67 13
218 169
77 24
59 33
65 105
58 113
108 124
256 195
2 97
221 306
249 181
108 256
159 45
74 24
65 76
4 234
182 185
267 170
154 30
59 304
78 220
222 105
93 247
257 11
268 20
167 113
256 101
200 297
198 300
25 86
133 28
199 140
88 16
67 113
243 20
34 198
32 60
195 105
224 99
182 309
295 124
243 123
202 190
87 74
173 83
301 149
289 106
71 70
114 7
103 113
6 117
249 59
96 203
19 0
69 283
112 68
114 185
134 215
143 185
173 296
155 305
127 131
172 14
99 297
173 47
193 16
298 41
205 149
243 151
267 221
81 181
236 32
307 262
88 165
124 251
239 48
60 72
231 123
237 168
238 28
307 219
172 281
229 209
221 262
241 266
114 309
151 264
155 292
269 24
84 46
273 70
84 18
19 51
245 281
134 77
220 293
249 268
303 55
288 214
120 14
289 57
19 204
103 276
150 230
163 148
295 304
226 83
0 234
285 40
66 5
134 144
236 197
302 271
192 48
299 154
307 51
108 24
229 54
116 28
151 97
257 152
276 70
112 111
123 90
19 31
240 203
63 14
190 24
147 131
192 138
272 120
240 197
85 256
280 36
145 38
41 255
47 275
121 30
289 291
174 49
299 118
256 140
289 271
170 285
119 285
223 11
265 84
202 124
178 69
287 8
65 271
65 106
120 40
144 142
217 14
250 187
299 47
77 123
104 288
145 97
93 46
222 183
104 44
77 306
285 297
301 3
215 221
259 290
64 184
154 168
6 264
155 234
26 217
281 298
93 129
114 266
112 307
221 11
238 199
16 305
284 137
110 154
222 273
183 268
167 17
310 273
256 291
209 37
159 203
25 141
39 23
256 217
65 152
217 244
295 283
37 36
125 55
48 165
68 90
151 185
185 123
287 76
101 247
230 96
154 132
162 307
272 124
76 293
3 268
206 110
117 260
265 277
127 31
231 237
128 24
91 202
50 142
98 143
303 192
236 23
195 197
127 290
126 99
267 4
247 203
109 188
19 37
226 90
212 266
196 57
267 7
104 205
122 247
226 257
130 245
228 125
249 297
218 247
65 231
257 43
114 304
4 26
74 6
154 101
133 18
104 15
127 307
144 230
85 4
12 96
307 152
17 128
301 211
153 35
77 13
295 31
231 301
139 104
127 125
120 46
144 133
256 56
157 305
289 190
170 106
26 225
193 290
126 184
295 188
85 140
116 119
215 86
8 165
25 7
43 264
290 11
61 29
147 137
238 22
228 66
206 157
121 5
278 18
49 210
267 86
167 175
62 262
112 33
145 169
191 184
127 268
224 243
277 197
133 305
247 132
17 276
155 258
150 101
267 192
284 89
274 269
287 26
134 170
163 138
129 169
302 202
92 57
126 129
159 74
310 274
272 26
58 251
171 307
145 289
37 305
50 214
87 66
155 168
222 284
84 95
69 257
175 20
280 257
139 278
302 60
241 23
223 269
112 169
199 220
301 204
66 247
2 116
246 145
108 168
188 181
120 86
198 292
127 108
212 120
39 222
32 268
167 306
295 132
302 54
88 184
223 283
298 123
263 33
164 271
37 18
272 11
167 199
87 195
127 148
108 184
49 152
218 165
68 33
157 106
284 13
148 28
138 41
268 90
206 107
268 95
133 262
303 219
310 79
281 140
114 276
85 170
272 110
116 11
274 283
104 58
124 13
172 262
210 214
104 72
165 33
209 203
308 72
82 291
19 274
64 36
175 89
17 247
65 42
287 288
191 206
58 45
228 225
66 257
17 140
62 43
25 168
16 124
4 220
303 222
159 310
69 291
182 46
27 59
160 141
183 269
19 158
108 152
65 81
24 266
195 23
183 101
145 131
209 274
267 232
25 9
193 308
134 300
58 14
280 94
193 46
231 58
129 106
98 62
249 241
127 299
94 175
79 125
209 263
145 281
183 217
65 131
160 133
34 217
108 219
290 10
293 89
24 131
65 32
308 56
105 304
160 104
28 40
219 255
212 305
162 131
178 305
112 249
221 9
25 245
290 244
261 20
65 151
21 51
182 33
104 80
299 257
183 6
73 75
226 280
88 11
278 141
65 156
163 183
64 197
117 106
120 185
249 11
60 24
227 125
32 196
253 249
295 279
37 107
87 17
218 184
88 44
205 214
128 244
68 5
145 99
134 183
265 25
193 253
175 106
256 232
109 151
21 25
160 20
144 119
84 219
245 204
200 286
210 285
215 121
84 38
26 84
278 270
121 60
112 74
209 240
302 306
25 166
92 296
155 268
173 86
284 107
37 66
289 148
124 263
277 5
4 195
114 165
296 232
108 196
224 131
215 169
167 221
76 119
253 0
287 110
114 291
295 164
196 13
123 125
250 275
58 97
4 36
217 42
170 211
93 4
288 99
250 31
218 271
210 260
282 63
282 91
21 257
127 205
112 110
37 106
92 176
268 293
209 210
200 72
173 140
92 213
117 72
274 285
151 113
129 140
26 67
231 160
265 253
252 297
222 307
112 73
16 11
308 45
88 224
114 132
143 58
123 140
159 213
129 250
133 68
12 143
44 124
16 67
173 137
308 57
4 10
8 106
16 157
118 168
104 183
222 113
77 55
205 105
222 136
19 129
67 59
147 76
32 89
193 41
257 20
16 8
188 304
212 275
88 144
162 31
299 157
281 220
87 251
134 225
128 266
202 217
73 130
62 89
17 162
247 266
133 220
109 62
263 306
3 86
137 181
230 204
145 168
67 176
62 72
299 124
153 211
37 140
110 148
156 185
276 197
75 31
192 220
34 107
48 161
62 263
19 208
151 179
51 10
82 30
230 219
6 165
226 305
76 307
111 203
8 140
134 273
40 90
264 90
63 298
278 60
174 252
213 44
303 158
110 36
306 165
16 57
100 37
63 37
3 55
261 33
173 10
129 96
17 309
182 201
78 296
148 285
100 17
134 242
3 124
308 133
164 18
53 281
205 256
65 129
4 125
110 300
182 124
224 190
120 44
12 141
157 140
238 0
0 107
173 288
16 213
167 197
84 67
159 121
170 5
237 169
234 179
171 214
84 97
144 232
309 66
98 291
77 141
205 38
34 139
130 96
287 80
21 20
193 237
77 245
144 58
11 72
290 237
138 269
93 296
227 152
127 35
68 165
77 46
239 188
212 278
114 60
238 31
170 275
34 63
171 130
265 296
183 291
236 18
158 196
47 306
223 200
286 216
109 241
290 27
85 33
76 41
218 59
183 123
259 251
88 252
182 233
158 101
150 293
141 217
98 130
73 245
167 74
298 152
200 293
310 271
147 140
158 187
289 28
171 0
272 171
127 264
63 96
112 6
78 31
19 192
218 137
92 270
191 60
200 226
3 10
100 238
74 256
230 220
275 203
231 4
69 221
34 77
302 308
150 122
92 288
204 291
162 175
143 222
162 67
130 142
119 72
47 220
183 48
143 255
287 160
112 269
109 184
172 291
236 139
190 51
191 183
182 0
126 305
34 285
308 264
167 83
145 101
73 87
224 162
92 169
144 302
21 251
257 97
88 4
284 96
48 293
12 66
19 305
114 275
103 255
114 102
88 277
301 97
66 274
287 244
253 27
167 170
171 27
213 250
114 154
121 99
34 110
17 260
36 242
81 90
115 96
159 259
243 7
83 68
286 140
248 131
238 256
125 166
265 94
170 216
250 168
155 38
287 253
35 225
272 94
188 237
213 97
44 45
193 28
168 33
209 237
240 250
85 139
230 289
16 180
117 31
172 6
88 254
67 255
58 260
218 306
247 300
188 256
64 250
12 219
245 148
2 102
275 99
155 197
147 122
193 280
112 211
105 86
196 237
85 32
284 54
40 131
159 125
243 298
6 122
299 55
68 67
127 166
101 107
6 48
185 51
83 96
112 9
224 40
193 116
286 300
306 86
295 117
249 280
112 195
229 44
17 280
150 169
181 5
69 183
238 279
15 47
98 199
3 244
146 213
222 309
71 176
235 87
301 24
214 176
232 197
50 91
121 6
231 213
76 285
276 264
287 54
281 242
65 289
215 97
112 47
218 46
88 202
129 125
65 174
114 190
145 47
171 283
238 106
302 36
243 238
193 36
287 58
8 255
63 170
158 33
125 131
130 294
143 297
34 187
112 276
148 36
182 183
298 117
92 277
67 203
162 247
195 7
291 152
277 67
272 173
224 229
32 142
296 277
223 161
249 211
161 45
88 230
307 72
280 269
194 143
35 20
308 36
15 97
91 296
295 11
287 158
167 7
202 132
192 226
120 33
170 47
25 122
290 241
250 221
12 21
62 8
15 204
204 221
76 154
112 217
247 59
212 239
150 105
232 221
182 13
212 55
165 244
66 124
265 291
103 301
49 96
276 30
222 38
100 150
154 285
160 278
149 148
182 247
256 41
73 141
8 55
130 150
210 56
142 152
154 185
62 261
265 310
243 307
278 251
65 226
114 77
240 38
310 40
212 273
272 177
130 176
17 118
126 264
139 94
6 95
66 102
275 90
272 93
127 38
145 219
193 29
133 75
11 99
125 106
202 14
81 28
227 191
82 310
60 132
73 0
69 136
294 154
290 129
205 297
310 10
265 216
32 290
158 277
273 184
212 199
85 299
134 24
21 275
157 220
65 213
278 201
290 299
158 170
111 116
261 30
91 207
133 256
8 45
34 277
148 168
41 131
35 307
148 140
237 293
18 264
74 70
25 304
32 35
188 53
295 80
267 116
236 3
94 90
287 306
65 234
295 79
286 306
240 257
273 117
249 263
127 155
267 255
275 11
218 181
274 124
101 71
201 266
167 35
143 70
224 100
278 264
87 105
77 138
12 87
82 58
294 234
243 150
295 49
234 271
238 204
66 216
225 187
281 45
120 113
129 275
173 62
42 170
12 97
167 85
228 204
193 105
112 208
247 225
284 260
254 163
253 121
112 38
205 75
267 74
68 251
204 132
243 129
295 55
151 75
243 256
182 42
86 255
21 176
182 237
19 42
67 57
260 38
32 291
206 176
73 35
134 194
218 45
85 297
272 141
302 3
112 185
35 40
154 43
112 176
21 147
295 72
236 68
228 229
263 45
241 40
127 262
160 116
224 235
209 149
100 67
193 123
204 128
237 48
104 121
205 14
281 250
121 258
108 60
224 281
274 119
114 139
124 24
135 234
127 186
272 67
88 303
274 132
32 199
4 217
222 305
104 206
135 9
93 141
158 94
224 21
226 286
121 66
299 70
245 6
22 89
35 211
4 84
83 66
32 166
256 247
238 139
120 234
124 47
8 128
114 4
82 132
295 119
265 307
227 164
295 184
126 158
68 116
69 230
273 260
212 150
65 295
212 185
234 293
16 162
109 226
105 208
51 263
117 152
87 94
240 297
277 168
213 192
127 169
127 171
127 303
99 251
103 160
92 145
218 5
308 37
189 284
161 251
308 218
109 213
76 128
133 43
103 94
146 258
37 67
247 20
6 56
229 176
276 217
272 257
110 170
301 202
49 67
237 148
65 236
82 269
65 217
202 244
284 53
120 125
126 198
157 57
174 26
164 195
284 131
61 86
295 185
222 242
164 274
121 262
299 291
6 291
221 168
215 63
222 37
277 208
121 90
141 105
215 255
269 99
93 20
240 138
270 203
26 110
167 26
3 306
126 265
112 26
183 49
167 256
272 55
93 202
35 36
288 284
73 30
191 59
49 176
104 170
127 150
49 179
133 297
146 10
93 38
25 132
112 230
190 187
114 95
240 306
88 159
162 49
49 43
296 221
15 51
100 128
114 290
205 33
99 90
155 290
261 176
183 57
218 278
117 20
212 130
270 118
205 131
5 107
173 40
61 18
287 62
67 187
205 138
130 290
206 51
231 293
108 113
91 157
11 5
2 145
310 45
276 72
271 244
261 7
100 58
143 197
196 128
39 183
80 57
167 107
299 136
290 188
265 209
197 260
294 220
37 41
291 128
44 8
282 92
299 45
155 20
93 281
205 179
271 36
65 235
193 219
137 307
52 220
257 269
167 291
69 158
28 255
34 255
224 9
272 201
230 201
267 26
247 86
301 148
272 182
181 161
98 113
236 222
190 106
287 41
229 254
272 31
119 263
77 26
26 280
193 235
307 220
203 306
87 248
63 58
238 56
73 72
308 262
160 218
220 23
122 263
209 277
215 309
137 24
234 8
288 28
240 266
295 261
141 305
87 181
212 213
19 161
111 297
172 162
120 169
144 219
212 289
287 87
244 166
112 304
162 251
167 121
204 304
150 66
35 242
12 177
71 297
32 58
108 175
108 304
32 307
212 14
254 113
7 38
87 294
281 119
32 192
117 263
92 211
280 274
231 306
204 51
155 133
23 123
188 76
229 116
3 47
103 33
91 274
66 210
205 79
129 116
196 175
128 89
250 42
226 46
212 154
301 210
167 18
250 86
116 258
167 73
49 242
46 59
147 40
0 175
226 297
21 85
207 179
248 102
238 249
230 102
303 54
192 71
19 162
138 260
144 140
100 77
170 28
122 262
117 96
179 264
231 219
36 293
287 47
183 201
15 70
227 248
12 242
100 307
235 114
278 256
281 300
167 41
159 40
150 278
160 288
299 91
274 41
288 299
130 264
229 296
145 17
114 62
126 70
108 176
228 69
94 67
301 99
109 44
274 95
119 14
93 130
114 138
92 81
6 118
157 293
68 195
68 162
240 107
127 7
119 113
222 58
209 165
192 283
272 30
134 56
145 210
172 221
160 251
302 191
91 152
173 26
117 161
284 192
183 202
253 31
88 24
98 182
220 255
249 176
236 173
215 53
114 297
50 80
286 23
287 237
98 175
196 304
285 251
213 10
127 269
237 152
190 58
238 53
229 294
308 148
200 140
290 261
267 222
37 306
25 187
178 168
144 203
34 239
301 250
120 68
202 201
272 263
281 260
11 176
114 234
82 217
227 199
241 20
267 144
182 230
28 168
160 117
22 210
109 81
18 122
271 45
243 152
240 221
196 10
52 35
302 101
237 62
205 306
205 211
159 269
181 260
308 245
298 225
182 305
220 5
299 284
144 208
6 185
109 183
114 226
109 102
87 80
245 181
285 20
2 21
206 67
172 113
98 241
127 116
78 173
249 124
93 204
175 90
35 67
68 250
281 99
146 11
167 230
26 211
272 290
230 47
226 309
185 14
54 225
287 94
287 49
202 122
84 201
265 75
257 307
171 25
204 258
213 124
68 95
3 5
16 122
254 170
183 38
193 141
121 260
135 212
269 10
68 66
134 38
282 242
151 86
243 240
249 133
249 142
224 270
271 166
272 280
59 57
299 9
236 105
215 280
290 216
115 186
215 294
26 142
147 279
173 217
256 45
79 234
64 8
281 18
1 78
210 11
254 240
32 161
280 260
253 56
78 262
86 258
19 85
101 13
62 102
108 252
22 307
77 188
87 205
249 6
167 109
77 118
26 70
145 151
95 175
88 294
200 7
36 33
237 195
230 179
26 60
76 166
74 204
49 157
110 33
62 7
240 230
183 10
145 154
120 296
77 179
92 261
134 304
206 99
127 184
172 25
69 3
124 102
256 260
287 301
129 36
267 35
83 277
64 245
157 38
155 90
294 219
143 306
285 89
49 221
218 197
19 176
286 274
249 92
274 165
88 250
84 51
205 10
253 292
25 176
224 109
17 281
196 251
6 168
100 284
88 169
302 20
190 9
301 75
253 15
288 195
21 39
157 45
69 304
173 80
190 96
272 303
21 92
250 23
154 161
4 110
160 163
76 274
284 187
205 123
261 219
82 288
182 41
251 57
99 225
238 80
53 166
303 305
29 46
207 169
47 28
172 181
12 229
26 226
91 257
80 84
200 148
185 285
243 269
65 23
263 266
229 271
114 109
196 262
122 152
42 7
261 71
243 9
98 245
2 71
301 307
101 14
183 176
257 140
212 183
16 181
240 277
47 89
12 47
303 109
295 262
98 71
32 208
276 296
45 258
133 138
58 258
73 119
58 297
182 298
3 187
303 26
290 140
298 10
195 300
277 13
123 24
295 30
155 186
265 234
82 278
43 31
28 23
148 30
254 230
121 306
240 5
191 241
308 47
261 184
151 149
51 266
92 102
69 57
270 214
78 99
228 285
218 262
65 221
75 131
16 263
78 199
310 118
171 18
25 230
145 309
159 268
301 60
287 216
4 304
231 191
265 169
284 129
253 118
279 269
286 137
11 41
167 304
265 199
147 263
148 124
159 72
299 25
174 261
127 175
218 256
88 189
229 267
126 254
273 166
12 107
88 30
49 304
26 116
124 131
168 297
224 28
210 23
120 291
65 263
215 118
301 141
174 284
148 90
220 266
182 190
265 49
127 276
207 216
122 107
191 138
252 184
213 181
207 285
98 187
158 17
37 297
182 7
151 43
81 217
190 168
42 166
214 45
69 271
124 95
190 242
65 281
148 47
17 106
253 109
144 45
200 94
87 269
212 215
171 83
134 294
172 79
308 307
237 307
53 9
284 138
224 299
114 213
78 132
209 217
49 141
25 71
117 66
27 296
88 139
143 56
128 152
69 293
84 240
280 296
190 166
144 4
4 18
298 59
49 202
5 263
93 15
65 99
127 267
37 286
97 38
274 24
85 132
205 23
215 275
77 110
82 247
127 251
110 107
182 204
307 260
214 136
167 231
295 102
176 242
183 58
249 69
112 244
64 238
145 216
308 184
209 145
163 95
272 146
160 137
27 251
171 129
261 132
229 115
302 75
114 72
58 125
216 247
103 259
134 51
18 57
51 285
171 190
265 144
229 100
277 8
62 165
226 232
294 125
277 105
134 275
295 60
272 97
202 23
227 307
302 106
298 275
84 169
155 176
155 193
110 28
70 175
155 232
173 114
231 210
217 62
109 279
196 183
88 193
150 7
248 46
229 156
224 205
183 244
100 305
15 118
134 229
196 76
128 275
73 267
142 268
109 72
116 296
270 66
128 33
281 70
127 23
112 53
229 113
116 268
217 242
276 13
261 304
154 211
127 277
228 294
119 90
154 152
157 136
220 264
49 262
91 68
182 97
274 297
272 101
272 165
231 84
196 257
27 293
150 258
15 185
114 214
54 202
222 97
295 121
243 107
49 101
268 10
94 132
64 162
193 7
299 258
289 274
257 293
103 216
155 34
171 102
167 84
195 306
87 9
267 0
241 47
84 6
171 81
43 95
299 89
237 125
162 168
39 110
238 137
11 297
91 49
26 289
49 256
82 256
160 207
276 117
93 173
42 10
205 145
167 187
98 197
96 89
139 148
50 52
295 241
87 221
212 269
93 148
129 60
17 70
247 152
240 232
109 165
199 59
234 45
272 17
210 176
145 63
144 118
92 205
212 6
43 179
111 92
205 210
272 181
171 192
62 275
100 125
86 266
202 86
274 71
92 117
21 56
295 208
257 232
1 276
200 273
284 141
290 125
81 6
17 48
73 288
284 234
226 296
35 255
200 214
21 216
77 49
73 101
69 264
298 105
52 111
286 221
298 86
4 240
188 291
17 300
237 162
274 28
229 310
108 247
171 191
250 96
215 57
191 300
155 265
250 225
17 206
4 206
238 77
262 55
109 195
63 67
270 132
213 11
223 47
139 89
286 70
63 30
195 125
12 277
193 17
272 235
16 152
193 149
34 154
234 106
287 175
58 33
111 13
22 110
182 136
68 86
26 277
120 255
34 143
272 134
108 213
230 261
75 216
173 124
302 176
227 162
141 45
229 53
111 226
159 34
155 280
290 101
284 251
302 264
295 284
253 290
235 199
109 197
136 33
88 168
290 90
35 262
267 15
25 217
68 275
229 45
28 152
303 138
103 278
127 204
218 11
280 201
77 72
302 258
248 257
182 276
79 51
265 304
167 130
3 232
144 68
43 242
212 147
160 200
146 292
143 214
92 263
109 107
184 175
309 190
83 9
4 275
63 47
104 11
265 179
230 264
114 222
51 99
42 260
269 7
245 304
25 175
109 59
114 192
43 99
226 277
114 209
185 90
51 261
94 268
114 191
65 246
295 32
220 10
130 233
179 89
170 304
182 211
290 230
0 148
129 53
272 179
276 185
88 55
158 90
34 256
159 170
298 7
26 230
87 42
295 179
271 35
21 244
124 252
308 141
224 182
58 262
252 140
167 51
299 218
212 57
111 114
226 31
96 57
151 278
12 255
129 30
155 269
84 14
190 41
195 291
84 72
287 108
129 95
232 13
218 221
284 71
32 18
146 202
231 72
265 222
286 6
49 89
63 264
117 118
276 45
120 210
220 57
49 113
223 240
4 216
3 154
19 30
155 277
222 184
122 24
153 110
33 20
181 138
134 6
21 261
167 80
124 71
82 304
148 208
82 14
88 187
146 41
229 276
193 74
289 216
273 152
93 109
249 75
34 282
82 40
290 28
272 295
218 96
68 58
121 285
193 284
32 113
49 268
19 266
76 101
88 124
190 43
63 131
197 187
231 70
272 259
275 208
11 30
229 251
287 95
295 48
217 166
34 91
108 297
252 125
85 277
150 251
21 222
84 94
301 275
114 51
129 247
302 293
212 202
143 264
99 306
228 176
302 280
34 133
5 187
4 256
280 283
162 105
138 293
68 296
145 40
82 33
155 192
59 123
68 10
294 91
59 36
275 10
112 50
212 176
81 123
243 242
301 30
144 262
78 37
114 110
26 5
307 166
228 98
272 260
124 285
22 102
144 28
222 9
287 115
3 44
277 119
307 291
230 251
112 133
183 214
226 30
154 59
152 255
100 63
230 23
236 219
185 56
143 116
193 225
154 187
224 302
64 249
129 110
196 298
272 301
188 133
240 59
174 301
213 7
252 175
88 79
143 230
182 129
103 73
114 157
267 247
270 220
270 10
199 289
237 298
303 296
287 43
67 9
272 4
155 103
220 20
26 119
265 243
68 258
7 89
145 148
202 257
124 128
224 257
295 42
299 197
280 175
120 60
205 255
155 37
206 18
64 37
308 94
117 306
117 244
77 269
37 124
159 220
241 38
247 306
230 307
173 197
157 283
301 306
167 196
58 266
284 176
207 296
98 69
64 20
173 286
271 181
26 261
201 55
104 123
114 162
2 65
110 247
66 252
118 14
52 138
34 213
191 286
298 257
71 166
155 221
15 150
289 118
168 132
250 94
227 18
191 30
51 72
78 156
158 44
127 15
51 20
67 41
287 68
284 226
193 179
64 125
267 257
48 261
308 168
82 25
170 136
267 213
28 70
212 37
295 152
217 258
219 131
303 283
294 289
134 285
286 124
232 260
285 55
284 8
103 44
206 268
0 132
111 294
217 47
212 34
238 205
287 69
193 5
171 125
161 107
112 97
276 234
98 120
295 219
65 158
234 300
34 5
217 176
111 266
167 257
81 275
37 131
92 208
217 107
91 105
111 250
19 150
195 106
168 9
270 11
77 266
223 203
28 304
77 221
232 128
24 33
63 124
265 39
239 166
52 226
171 11
276 263
63 206
16 37
200 275
299 96
147 118
22 82
77 116
246 267
245 307
62 31
84 232
18 285
215 270
63 304
34 171
174 110
98 304
154 297
267 309
134 243
197 258
199 37
151 169
205 251
157 30
21 95
4 226
21 3
253 107
73 140
127 256
51 187
114 67
310 124
238 300
68 277
32 40
210 40
299 51
99 136
193 100
194 243
135 64
134 54
126 188
272 103
12 118
231 64
143 24
249 96
114 66
162 132
182 207
112 268
306 9
50 267
271 304
217 9
173 73
289 275
236 298
222 195
4 59
145 305
257 219
238 60
128 45
47 138
167 100
286 96
109 104
302 151
302 96
272 222
167 188
274 72
190 176
37 285
154 8
26 185
78 246
221 33
150 28
87 206
172 244
147 3
309 305
127 56
6 210
232 96
243 139
126 304
123 89
167 274
68 176
167 139
109 301
229 120
179 7
69 181
3 204
240 140
310 266
68 136
281 31
256 293
162 190
109 270
308 281
64 30
259 249
103 107
100 179
127 75
3 152
82 296
228 159
191 94
82 102
280 240
303 306
19 235
170 96
182 195
207 28
78 276
51 300
19 101
144 96
82 168
47 67
6 62
154 190
303 252
212 92
164 309
230 214
218 234
285 220
301 20
245 261
245 35
199 96
167 13
16 89
154 31
67 244
301 280
88 273
64 283
205 7
163 214
5 86
193 274
4 263
34 283
229 248
181 122
299 298
267 154
224 186
253 133
212 287
127 211
77 79
155 289
144 188
88 246
45 255
162 257
63 220
284 113
172 83
92 161
103 279
146 227
212 64
111 175
194 58
94 184
231 104
146 233
68 105
145 291
150 162
103 49
230 271
111 101
145 266
155 29
212 153
93 177
153 297
267 271
151 18
50 71
218 95
34 230
114 249
183 218
42 35
155 108
154 24
250 201
179 132
109 168
298 33
19 71
23 132
238 57
158 89
202 102
0 25
272 14
254 22
170 40
147 249
78 275
267 97
172 240
67 175
164 95
85 281
257 36
104 258
284 36
114 180
71 175
160 41
252 99
190 305
43 132
50 273
112 49
143 72
6 211
173 20
6 36
64 242
61 294
170 36
215 243
118 101
8 208
155 257
43 5
205 196
202 204
145 195
125 264
142 306
282 15
173 5
120 201
19 98
92 233
308 122
282 133
287 105
272 84
12 3
74 131
192 128
4 13
249 28
32 84
88 268
17 242
230 59
58 176
133 49
88 173
160 255
122 113
188 262
307 251
209 252
298 36
162 201
105 43
256 40
193 161
144 13
159 226
236 244
222 202
234 157
223 128
163 56
64 129
34 156
270 62
34 299
63 105
93 94
212 247
226 306
88 180
218 275
150 68
182 168
34 268
17 101
6 258
303 114
224 101
104 120
225 57
179 40
238 275
188 120
286 154
230 119
84 117
144 42
145 150
26 283
19 200
76 306
254 85
84 13
114 172
227 180
111 151
54 132
301 296
129 225
250 252
142 7
152 106
109 201
234 185
205 118
308 71
103 63
21 122
301 63
73 77
206 90
25 17
134 122
301 121
287 183
221 38
281 37
259 278
218 55
299 206
209 117
141 23
273 23
84 306
281 94
218 90
241 42
265 142
193 89
272 115
134 33
217 165
141 275
73 144
153 55
253 23
120 217
157 105
37 208
100 44
267 79
8 242
253 3
85 9
294 55
301 256
53 258
153 199
228 180
143 26
118 99
155 100
267 30
276 195
253 36
278 185
155 110
112 186
301 291
3 96
230 275
173 183
193 70
293 258
179 152
301 251
42 304
23 106
228 265
276 244
167 34
87 176
218 36
240 219
92 41
114 217
289 296
52 36
84 251
37 110
226 9
217 28
144 277
196 37
229 275
173 9
214 23
232 28
92 82
19 249
231 25
277 56
121 117
245 297
182 26
295 290
226 18
126 40
167 157
308 197
77 140
154 242
15 269
146 72
134 281
110 24
4 225
224 11
215 33
224 59
193 203
40 187
3 118
6 297
112 191
178 271
299 210
218 117
5 125
198 294
134 128
138 165
143 266
17 262
124 195
178 130
112 297
182 56
129 35
92 143
151 260
78 244
235 154
77 209
295 198
218 68
267 171
249 70
200 44
175 266
200 104
195 70
12 306
3 141
21 183
218 161
4 163
310 256
302 11
205 270
172 273
250 274
229 165
205 300
59 258
266 187
134 86
74 162
144 210
129 41
309 119
265 218
46 48
303 10
302 266
215 200
204 181
151 99
88 40
79 116
202 152
82 90
0 196
235 28
114 208
105 264
114 99
267 302
301 35
265 231
302 291
250 55
144 252
119 95
85 237
62 131
25 84
243 309
32 106
247 107
150 124
265 20
19 237
183 110
155 75
65 26
205 162
278 67
119 175
289 141
99 33
162 262
194 216
144 138
284 152
226 14
301 51
202 33
287 297
205 298
162 48
199 33
227 261
96 9
46 264
248 0
155 250
45 89
268 304
224 153
135 17
253 262
129 297
250 255
163 217
240 55
25 76
161 263
173 180
8 138
252 106
273 255
76 30
21 192
221 219
257 131
159 148
287 232
100 300
103 161
234 166
289 20
165 7
108 166
298 234
284 197
62 307
209 79
273 240
249 97
155 107
306 106
71 5
121 251
256 113
85 36
172 40
87 41
217 297
287 55
182 44
215 310
193 156
155 281
66 51
78 123
73 171
19 257
4 24
163 11
183 211
26 221
215 91
159 291
173 129
133 150
285 123
245 37
88 80
104 60
32 94
234 136
104 168
170 95
19 284
307 101
237 28
93 309
147 114
290 86
5 293
119 268
119 266
40 266
112 145
26 220
68 119
238 285
78 304
272 23
150 136
18 58
155 223
109 80
147 191
236 106
309 20
86 132
282 305
114 262
129 136
209 110
237 59
116 293
21 199
287 64
19 232
192 18
150 204
209 11
51 297
121 217
159 145
85 61
68 216
272 194
210 136
229 281
280 241
34 188
115 170
127 225
178 19
193 307
50 200
114 273
272 159
2 307
173 273
286 66
150 3
171 86
66 42
232 45
265 3
272 130
19 292
68 60
121 72
87 168
75 41
109 276
127 37
272 166
73 3
230 43
47 125
119 96
76 208
66 305
16 17
91 9
6 33
137 67
93 188
73 240
274 40
113 297
191 108
294 53
191 91
49 197
141 89
284 240
41 132
117 190
271 5
240 136
155 306
222 264
119 107
257 306
253 190
192 49
302 221
229 87
62 86
271 168
286 123
170 20
68 125
122 59
147 172
63 190
157 138
143 5
238 110
301 241
22 308
154 266
137 56
155 215
184 297
34 120
155 233
78 299
94 30
172 81
224 288
237 119
237 157
3 247
295 53
63 255
65 84
92 293
100 51
109 75
295 204
162 119
8 96
298 251
215 190
26 63
142 122
157 107
249 27
6 201
205 213
189 7
64 131
155 296
28 20
25 79
78 26
190 266
119 306
167 277
307 7
174 251
295 77
85 55
299 261
49 201
282 23
253 183
92 48
129 20
167 183
145 107
202 168
193 286
172 23
32 82
285 252
183 162
277 23
91 270
2 187
141 94
33 242
271 264
127 80
34 218
150 206
237 11
308 207
92 217
17 54
46 168
66 43
121 132
229 283
35 10
167 142
21 4
67 214
296 293
267 139
78 60
83 281
302 269
120 273
34 62
281 110
150 59
154 33
205 132
213 157
240 47
267 307
276 58
117 101
83 245
78 47
145 293
114 164
167 261
112 148
298 56
103 71
87 237
19 199
32 121
298 175
127 119
249 214
232 258
224 67
154 214
121 168
254 132
34 235
303 302
19 50
222 240
172 136
212 80
245 257
116 210
155 88
278 136
134 164
249 286
126 154
273 46
60 128
32 97
82 207
226 67
230 232
120 266
163 151
84 157
34 149
162 214
231 14
220 168
198 99
232 247
12 65
206 298
8 203
159 27
69 138
193 238
93 246
289 42
165 86
93 232
66 283
243 26
32 175
148 123
243 130
178 81
41 242
167 239
22 256
76 220
174 55
96 268
27 255
226 38
144 290
267 243
170 214
16 187
115 249
104 99
232 211
145 79
37 251
257 30
43 261
212 76
241 300
215 197
144 136
202 264
58 9
287 82
150 60
104 166
145 176
0 63
241 197
309 5
109 266
277 291
245 250
145 48
247 221
276 14
66 140
37 95
160 273
81 270
267 105
68 8
109 13
129 121
155 178
65 109
137 261
150 270
287 192
193 229
146 195
290 0
88 172
295 99
238 154
272 137
215 214
74 308
88 190
15 247
207 261
81 76
280 245
105 96
104 268
229 180
3 225
271 10
85 70
28 179
243 94
245 285
82 107
270 166
34 108
229 302
17 110
82 80
158 152
144 175
100 18
100 169
162 304
215 218
272 77
130 42
267 157
145 251
289 45
241 204
27 132
155 15
126 218
200 11
37 180
62 214
257 214
85 28
246 117
17 38
37 99
218 6
272 180
250 57
188 300
308 131
4 308
212 31
127 98
92 203
294 118
210 157
127 181
275 59
299 56
267 200
237 57
287 119
127 117
112 102
295 175
173 257
73 208
21 125
116 14
272 100
63 38
309 44
120 131
281 166
206 123
34 197
114 151
210 266
104 16
19 24
78 294
21 158
241 245
164 233
129 76
34 36
213 120
87 284
235 71
130 81
109 238
19 68
71 251
167 201
250 283
303 249
204 232
146 44
51 197
263 30
109 47
76 179
63 263
99 152
12 100
34 245
5 57
284 165
104 290
232 306
107 140
135 23
25 119
82 241
202 66
99 258
240 67
68 197
25 57
301 242
134 301
144 15
272 215
202 219
230 161
218 18
15 62
212 308
73 95
114 83
17 142
104 8
205 222
307 14
253 171
19 170
110 165
82 106
69 284
25 14
137 165
237 297
145 132
82 123
100 14
272 297
296 210
224 152
150 89
162 101
151 14
85 275
196 43
134 87
200 225
109 273
92 55
51 219
253 264
75 285
100 180
100 79
127 9
105 269
150 91
148 66
245 55
171 123
129 151
108 137
193 304
270 28
103 153
272 277
200 81
77 256
271 71
77 9
76 51
271 40
114 137
296 123
277 41
88 128
224 120
92 192
273 8
146 71
248 107
277 90
212 222
268 166
209 90
271 106
159 39
295 145
222 67
127 221
276 5
145 117
115 277
37 219
205 188
292 30
240 304
178 108
171 110
114 44
182 148
173 16
42 102
105 285
17 86
212 296
229 208
247 304
284 204
159 66
82 13
282 187
127 63
284 179
96 184
100 204
239 285
234 30
34 269
78 217
158 298
272 220
96 40
247 89
302 283
116 138
195 107
61 28
19 290
49 71
290 108
176 9
296 13
308 20
299 16
249 18
134 119
295 147
127 89
117 58
249 290
22 225
19 44
183 140
36 7
226 79
92 76
294 5
254 284
231 77
303 176
164 219
32 56
171 13
234 307
28 36
247 9
231 158
151 268
92 130
240 70
170 221
64 79
143 136
116 165
125 293
193 260
49 286
12 99
303 300
118 124
281 232
181 175
65 111
213 51
32 62
181 119
110 175
121 101
168 59
267 301
52 109
94 58
209 283
146 212
299 260
114 176
308 81
226 99
202 296
299 107
284 25
37 166
270 263
12 292
15 309
162 195
174 234
167 309
62 20
188 0
210 102
65 201
265 82
19 302
160 275
212 47
120 91
267 87
288 105
47 264
167 93
188 245
229 292
267 306
167 303
267 299
295 213
65 214
222 10
92 269
127 218
234 175
109 74
191 278
217 197
281 36
19 140
114 69
34 290
134 213
134 168
59 306
141 42
49 33
280 128
281 125
150 8
202 195
16 118
273 106
92 181
121 274
114 237
54 37
79 195
109 283
173 245
284 55
284 23
212 56
294 202
145 54
292 270
116 137
212 100
202 184
150 55
109 309
159 303
286 42
144 300
100 3
109 16
150 271
224 144
151 207
240 106
205 46
204 13
143 3
182 217
32 205
92 35
308 62
160 56
199 183
167 237
21 303
6 266
49 40
100 133
310 53
19 179
163 251
64 102
193 190
34 49
288 296
292 196
76 48
295 6
205 133
256 216
2 9
127 159
174 53
43 10
222 47
190 252
109 211
121 96
304 165
249 217
129 232
77 136
213 13
114 250
272 266
235 170
73 60
44 251
109 148
303 205
267 219
65 206
144 63
6 234
124 260
82 79
91 8
100 140
199 79
287 262
270 152
148 35
152 166
200 46
71 20
85 53
150 187
25 110
135 83
108 278
310 99
295 1
229 91
112 76
272 227
112 260
156 213
63 18
112 105
83 40
127 274
111 160
19 114
209 59
290 214
2 29
245 296
53 286
64 168
245 216
134 69
69 179
181 216
3 304
253 289
34 250
256 86
37 68
68 305
38 242
133 60
104 14
100 217
280 207
36 72
19 207
218 148
3 125
286 101
243 226
292 62
69 234
25 116
127 41
282 162
167 267
62 293
162 75
127 300
85 68
204 187
243 308
234 220
48 271
198 42
268 57
116 201
228 193
58 23
193 181
127 236
120 268
155 202
22 79
294 84
157 24
202 55
129 269
4 211
215 248
105 28
227 216
48 20
280 184
77 308
307 184
231 37
58 175
48 306
43 102
78 209
267 17
240 201
98 118
196 97
37 148
173 91
49 255
98 117
217 57
265 172
54 118
29 283
65 296
37 141
230 131
155 239
125 266
112 86
155 279
68 101
112 48
240 261
52 94
127 61
121 141
145 95
32 297
192 298
73 13
17 275
147 152
98 16
308 260
135 128
155 169
146 281
266 131
83 131
12 71
69 129
299 49
127 241
143 289
226 270
146 55
74 289
104 150
191 192
141 136
61 13
159 219
205 148
126 216
116 96
129 11
4 232
289 232
281 165
309 304
49 297
224 188
183 105
64 24
227 90
59 244
298 306
271 51
211 166
51 113
21 249
104 33
226 3
27 62
78 161
159 131
91 7
277 138
193 86
209 208
134 270
129 149
74 299
66 123
155 267
134 43
29 238
277 70
267 18
114 283
108 240
112 115
12 168
308 203
218 157
65 176
226 102
281 283
15 283
120 168
104 3
103 188
168 175
91 184
8 20
241 157
3 95
209 94
301 23
295 40
226 137
202 157
19 102
100 129
224 107
290 255
37 23
15 106
127 95
133 309
232 20
249 285
180 76
59 70
204 23
287 7
301 62
287 275
160 237
220 59
21 295
167 106
265 300
79 283
207 252
73 286
65 195
108 51
155 1
270 9
285 45
284 42
43 187
205 101
214 11
249 45
148 62
276 66
237 23
275 165
78 164
159 252
272 282
153 91
199 274
93 105
19 20
220 70
130 240
137 94
48 97
181 283
309 30
303 245
200 84
88 15
34 37
230 28
104 141
215 99
222 81
218 66
5 45
223 231
4 133
145 230
92 260
232 72
241 268
287 281
109 208
218 13
19 197
2 296
287 283
301 206
49 274
6 307
237 136
151 38
309 84
188 23
172 131
230 90
144 156
28 99
272 42
218 220
171 196
224 192
120 281
230 296
112 134
87 166
298 258
129 165
88 95
192 79
226 307
148 157
286 38
182 205
76 102
229 62
295 17
21 170
92 268
129 8
124 291
288 269
171 203
173 132
34 6
174 233
234 9
250 10
28 131
226 274
92 69
21 99
103 270
67 31
71 123
222 256
6 105
85 29
32 309
152 9
204 269
17 244
146 39
34 161
243 54
77 102
280 35
229 32
128 90
265 184
67 262
150 245
122 95
29 6
126 168
19 196
309 113
17 283
277 305
249 209
226 105
129 3
17 13
82 54
162 305
65 114
163 71
34 60
294 280
71 40
32 5
34 68
44 166
212 279
254 304
193 122
271 138
79 256
123 244
75 125
112 119
139 99
175 297
65 292
150 125
108 81
104 62
299 26
12 130
269 166
16 175
28 297
235 116
5 258
249 216
178 211
120 121
155 284
63 75
16 97
281 197
6 269
210 7
34 258
172 252
167 220
272 234
160 286
308 105
108 263
99 106
93 76
59 266
183 296
73 116
193 95
93 283
302 255
226 220
26 169
73 248
134 249
202 255
78 212
1 217
129 113
112 8
183 9
88 272
287 207
18 132
147 136
267 185
28 293
74 108
133 275
116 123
34 305
82 124
119 24
21 283
254 120
267 298
19 263
155 26
238 92
93 78
17 133
275 5
16 24
290 278
181 10
127 182
34 81
212 233
78 139
25 96
146 125
19 64
111 22
144 90
116 86
32 139
109 15
114 96
78 195
218 225
191 71
120 157
139 266
8 293
229 117
37 214
109 294
246 239
65 98
237 232
145 252
193 144
240 300
65 47
272 69
227 73
87 14
166 266
295 10
218 210
271 208
206 128
88 28
178 171
249 191
116 43
200 255
76 13
64 237
277 47
58 28
87 230
250 247
109 10
285 187
284 266
91 208
269 264
104 101
196 6
127 158
26 192
62 105
248 157
245 208
146 182
277 242
310 90
281 7
34 79
215 68
194 24
140 45
77 162
218 297
167 253
109 35
63 289
91 201
44 33
237 43
104 296
159 117
68 117
276 293
194 301
179 293
39 29
137 102
25 169
155 57
115 26
295 138
62 251
143 45
109 299
43 70
115 222
275 86
230 257
76 55
139 307
25 206
160 210
289 187
111 281
39 179
127 126
183 276
78 38
49 306
287 221
302 142
254 241
31 262
163 125
236 144
34 219
210 57
104 221
230 185
126 243
144 38
202 106
249 140
34 196
241 101
93 285
182 258
116 157
105 220
220 36
88 78
284 264
259 215
108 192
82 307
3 60
194 85
0 207
286 256
231 16
241 220
294 168
182 220
160 25
135 308
276 274
6 99
146 8
50 113
265 30
163 278
167 208
182 49
192 31
235 5
146 185
275 152
77 44
32 28
212 32
11 251
108 271
218 286
143 57
268 138
287 86
84 247
111 51
78 252
127 296
26 47
200 166
77 299
114 195
150 118
22 80
135 256
209 20
294 76
160 252
310 101
288 75
230 3
298 252
170 132
268 106
230 42
114 23
182 245
25 150
301 125
49 51
117 258
22 213
178 241
239 118
237 250
128 255
118 148
127 177
263 72
183 289
74 124
174 63
270 33
141 181
87 7
134 199
288 208
21 110
172 108
250 261
308 90
254 263
179 36
91 55
85 39
188 17
49 166
7 9
299 208
257 185
104 161
52 230
249 270
271 260
188 3
85 151
162 45
91 66
166 132
87 33
248 149
104 154
199 307
188 79
150 43
228 104
224 303
133 105
12 67
164 89
153 22
21 287
209 290
295 233
105 179
226 201
108 245
245 41
215 38
238 9
202 107
110 274
224 183
196 234
191 185
295 151
167 283
213 133
69 44
17 119
229 34
220 95
237 181
69 99
154 67
82 151
191 269
77 241
287 57
172 140
302 53
69 125
65 182
112 60
207 202
127 87
8 123
212 125
227 98
160 57
209 222
167 258
115 16
226 208
228 100
145 5
210 140
183 86
65 102
171 225
284 196
179 187
222 187
252 293
75 95
246 165
310 281
19 111
273 131
267 180
134 4
289 55
75 154
249 271
287 100
62 184
240 275
212 114
286 293
290 274
114 179
167 166
134 89
301 269
265 45
224 292
229 273
229 141
193 138
116 190
127 132
302 136
88 64
145 30
76 203
163 271
210 165
238 72
25 234
274 262
234 211
134 310
218 8
112 147
44 244
243 17
229 225
237 37
249 278
151 137
42 305
96 5
143 165
48 102
254 104
41 89
164 70
215 226
122 23
82 294
16 208
155 189
198 107
32 197
122 106
171 165
272 92
204 266
27 3
309 8
44 157
37 197
287 269
171 205
267 186
250 289
104 219
224 84
128 31
92 299
96 225
265 60
48 59
67 136
44 291
145 273
115 214
213 264
182 150
3 30
6 296
21 17
243 258
78 183
173 107
222 211
196 218
114 245
119 242
78 200
136 90
59 264
290 89
273 170
287 150
267 66
87 37
302 15
171 309
117 275
98 0
85 25
154 216
194 278
281 72
26 66
172 249
173 23
294 262
287 176
174 280
77 28
108 79
280 309
182 242
67 36
129 230
249 171
226 216
121 40
265 281
15 122
155 77
253 232
67 165
278 9
284 277
135 184
213 59
144 108
157 214
220 225
243 271
120 251
265 229
32 231
194 67
129 242
114 199
129 285
37 283
121 138
88 296
278 204
8 31
119 176
142 141
302 164
7 258
69 301
49 118
32 260
163 196
116 45
87 306
64 172
121 9
48 28
82 137
294 128
272 40
155 209
235 232
284 216
279 220
51 132
267 70
133 252
93 234
3 58
253 70
193 306
206 45
277 62
234 131
92 182
163 16
153 214
0 58
37 225
82 110
227 89
123 131
34 185
212 174
238 213
274 170
108 97
144 245
230 44
197 90
202 97
281 297
163 256
250 179
224 304
100 216
128 138
153 184
153 79
213 218
170 166
228 49
220 107
160 184
158 225
109 23
287 293
111 80
74 17
130 195
88 38
148 271
73 121
163 195
147 17
107 165
310 163
68 298
88 48
222 161
134 187
124 242
127 2
114 171
25 148
183 13
34 132
145 24
167 99
99 244
241 70
302 251
43 269
222 263
287 197
236 102
290 226
302 43
273 148
8 247
123 264
237 190
226 183
238 152
202 297
77 137
40 45
212 309
206 5
301 131
145 264
39 277
92 247
256 107
204 55
256 96
143 59
121 179
212 82
25 90
158 107
287 45
15 113
285 71
288 226
272 76
85 109
200 136
39 72
307 165
19 55
154 197
27 72
61 72
303 203
116 30
128 242
249 240
276 119
144 48
143 284
108 62
96 41
222 262
241 141
91 300
243 22
73 138
108 220
93 271
280 113
221 264
104 281
224 222
99 45
146 240
27 15
289 24
268 225
73 132
145 221
193 158
202 203
34 270
2 120
64 285
272 139
307 96
49 300
49 11
272 299
172 184
32 47
204 244
267 237
270 251
226 44
167 123
216 38
213 28
271 221
100 104
17 55
299 137
68 291
5 24
163 207
163 49
104 90
125 86
163 230
69 211
153 209
12 184
198 164
275 175
92 67
155 272
167 281
71 30
134 244
88 171
299 286
173 196
24 297
127 0
278 217
153 49
224 193
299 141
309 161
241 256
154 261
81 245
71 293
172 148
25 40
0 206
240 208
65 128
100 279
230 252
73 37
112 70
289 9
267 310
47 90
111 30
158 218
62 152
226 252
250 157
6 60
272 113
134 233
185 305
109 17
295 222
16 142
243 49
155 79
224 256
127 109
217 89
78 190
229 123
179 263
200 150
287 141
4 269
179 99
257 208
124 30
65 108
163 305
117 124
79 59
46 3
134 73
245 71
278 94
167 182
39 172
269 72
241 35
37 89
32 150
88 264
236 291
17 11
77 40
108 234
196 263
3 184
277 260
267 258
286 185
112 197
173 110
81 218
188 218
269 5
248 237
127 79
282 51
236 166
93 290
26 149
11 197
171 226
63 116
127 212
21 179
146 97
155 185
121 56
124 70
1 263
228 233
52 141
224 230
49 55
257 277
67 166
21 113
144 251
200 57
193 98
35 232
226 94
32 217
143 25
257 47
182 69
203 251
84 60
200 162
159 171
228 1
205 244
273 60
81 273
192 81
53 68
114 256
154 20
151 95
234 62
79 68
92 274
77 14
19 83
295 162
160 203
103 81
107 90
182 101
212 63
127 97
148 165
110 23
256 55
287 266
92 158
61 209
104 192
58 51
109 234
287 171
229 3
303 67
230 176
202 118
229 171
37 154
108 35
58 106
92 97
65 297
25 133
307 300
275 33
226 203
249 255
240 113
100 262
142 128
21 296
19 295
229 249
181 105
153 247
134 135
108 244
183 221
98 208
150 142
172 70
120 277
144 51
77 202
4 91
172 264
308 185
34 118
100 95
60 261
87 148
281 161
117 170
160 15
154 106
155 173
27 180
133 274
269 225
167 173
58 268
249 123
32 48
108 179
137 291
246 44
193 26
274 136
267 209
295 232
217 221
299 244
237 242
65 264
272 296
117 269
34 309
307 122
254 279
224 296
238 25
127 281
21 218
66 45
112 28
247 297
234 56
170 181
224 215
10 293
252 263
241 102
249 182
155 235
171 182
241 60
95 251
240 141
34 292
78 141
98 45
73 280
116 59
234 225
144 105
265 50
19 268
193 231
160 165
121 250
92 150
222 150
19 16
210 28
191 33
109 196
290 195
82 203
294 307
12 36
82 250
206 285
237 54
109 152
135 163
37 3
6 11
209 105
210 45
69 306
222 91
32 239
299 232
257 221
151 184
202 38
290 232
142 107
193 101
146 239
99 242
232 140
263 89
215 8
265 33
290 46
249 208
159 70
202 40
134 9
117 62
254 106
144 171
26 195
77 187
206 278
69 166
16 232
91 94
121 67
150 175
277 214
25 277
212 294
88 50
154 251
52 169
50 83
111 64
170 261
35 99
115 14
116 140
79 152
206 28
91 121
194 31
172 145
104 71
102 140
69 20
302 260
25 244
25 55
65 247
213 240
145 14
112 234
37 201
302 237
302 99
155 286
92 255
181 187
212 268
103 157
182 284
183 210
129 42
65 116
176 38
307 268
245 140
92 271
29 291
49 125
147 130
39 290
23 20
183 166
202 138
155 121
196 3
170 138
237 51
5 89
4 149
298 203
1 271
134 41
34 57
246 275
270 7
42 8
63 132
185 23
144 6
296 62
21 242
74 8
238 179
134 53
226 187
243 274
308 89
217 210
236 113
130 164
224 41
125 297
231 120
280 268
70 242
308 51
67 122
183 142
155 5
282 105
25 293
193 52
224 156
281 210
272 24
136 38
202 176
178 31
160 143
267 53
222 30
267 67
162 123
290 242
284 83
273 35
272 47
134 58
154 210
229 298
173 123
129 83
202 197
193 301
48 41
196 152
98 172
308 277
66 38
310 206
77 70
78 22
285 24
103 201
210 8
294 68
265 154
265 149
295 206
124 58
49 14
290 213
83 118
84 277
109 222
43 304
93 59
183 54
65 1
171 108
58 161
191 310
236 289
22 275
27 17
68 220
229 124
200 310
287 188
284 102
303 141
18 123
215 17
92 5
241 119
28 107
287 77
171 90
52 16
22 128
4 305
197 9
126 162
155 139
174 82
144 305
171 152
34 169
124 67
60 234
78 306
245 263
204 220
274 247
182 121
78 184
193 226
237 219
302 10
237 107
123 306
112 108
249 210
123 252
290 55
138 247
256 10
154 184
209 232
137 220
235 69
290 222
114 129
212 98
143 43
249 120
25 210
104 260
257 56
32 289
109 204
88 226
88 259
206 181
119 184
170 208
207 190
229 252
84 244
69 280
201 28
73 300
302 157
92 162
34 280
250 190
227 264
162 24
146 150
284 218
21 240
236 248
245 9
301 187
59 72
91 220
103 48
187 258
135 79
155 157
130 11
157 244
237 276
173 84
32 245
12 230
229 40
19 261
127 91
91 122
75 258
12 180
21 13
88 176
299 54
154 36
144 47
127 270
120 175
19 281
309 210
34 45
144 125
173 92
133 51
240 125
82 301
46 256
100 154
298 35
114 86
147 251
143 181
32 284
213 43
16 35
215 0
87 64
268 99
301 304
120 152
105 72
160 197
249 117
252 203
3 110
21 46
92 24
19 1
256 304
76 255
188 297
287 120
25 20
29 179
199 186
190 307
307 40
25 247
192 219
26 6
76 107
60 99
287 79
114 90
97 10
47 304
116 286
159 270
49 234
249 95
202 148
76 161
92 202
290 281
157 179
79 17
210 94
239 296
130 225
82 197
75 35
63 123
82 44
104 113
127 153
167 216
16 294
308 41
284 157
34 7
249 129
293 187
34 253
161 70
193 205
1 186
25 270
146 142
150 110
268 23
151 168
194 297
231 3
70 90
77 69
44 274
163 20
39 79
54 128
268 258
144 280
195 101
235 117
299 66
209 143
173 191
173 291
303 288
50 14
32 204
284 14
112 235
173 60
298 260
17 202
61 262
175 131
195 247
235 160
291 304
253 60
205 140
65 61
272 184
145 203
182 108
273 24
32 185
285 7
215 81
81 55
241 97
204 136
226 136
144 270
237 251
69 42
112 123
88 17
235 240
194 20
107 55
146 123
155 224
209 297
145 56
144 206
270 60
3 89
199 175
230 180
223 142
26 245
238 11
104 208
278 281
295 254
109 36
144 283
151 122
153 158
109 206
66 41
4 203
114 118
124 106
267 308
114 184
58 203
100 148
238 36
174 16
213 241
28 90
114 63
191 106
82 131
117 283
150 252
308 14
108 262
249 289
75 113
37 60
65 220
34 249
240 54
212 3
35 11
49 291
218 304
114 285
230 35
218 51
114 292
150 275
289 67
25 216
287 243
247 10
229 118
287 196
28 266
133 263
120 274
188 84
119 304
299 90
34 191
254 184
237 31
127 6
267 234
28 136
167 60
129 268
77 86
108 72
100 196
310 96
284 258
209 62
153 72
133 35
287 143
211 187
287 302
295 68
143 79
117 185
18 113
237 117
32 263
231 56
183 51
129 14
276 40
170 252
126 248
301 244
91 263
19 225
222 275
269 40
44 232
191 26
138 220
249 131
212 200
271 152
136 152
252 197
160 222
25 190
43 285
309 273
77 63
182 45
299 281
127 104
124 304
237 175
119 59
163 7
11 152
130 300
178 96
19 282
227 153
245 179
25 51
272 18
276 36
237 275
108 283
34 271
150 154
28 71
108 90
226 89
213 203
37 56
212 243
178 229
143 80
180 28
171 170
134 214
51 166
265 9
79 180
299 306
34 181
125 107
272 138
134 72
162 264
205 51
256 261
267 199
281 106
121 206
71 258
109 138
77 284
129 219
68 269
200 77
174 91
162 116
121 35
120 232
93 17
65 175
193 252
67 5
299 48
213 206
191 120
238 196
215 36
164 121
243 165
285 165
124 99
8 10
266 132
157 219
155 180
76 58
265 167
182 43
67 184
298 125
128 300
121 277
34 9
150 184
127 53
170 97
235 164
204 300
215 296
67 269
21 72
108 56
110 201
122 5
200 6
213 68
250 71
21 220
173 45
143 256
126 149
158 141
213 204
230 297
136 251
68 49
167 229
65 284
88 123
298 184
42 99
243 276
151 219
87 285
238 176
238 245
84 3
6 55
128 131
150 264
200 258
245 76
158 57
267 125
8 232
177 241
144 109
217 291
103 176
109 95
76 275
212 45
230 56
167 289
302 288
212 66
255 242
139 166
34 119
24 55
3 132
265 131
36 40
202 105
284 119
212 131
145 118
265 67
76 181
281 24
49 70
277 11
257 165
192 97
249 121
304 40
6 28
247 136
133 152
69 40
150 47
65 94
23 184
175 260
254 212
100 114
276 305
112 180
182 300
302 17
225 175
126 234
267 13
92 204
172 49
163 293
119 7
122 266
144 244
272 22
154 306
92 183
100 309
127 285
188 95
73 201
110 101
213 175
65 209
294 274
105 252
173 71
163 36
124 293
150 84
111 229
285 214
231 286
154 9
248 37
284 300
239 11
229 67
284 280
12 110
306 166
137 252
205 291
267 148
216 70
168 5
270 234
171 91
17 47
100 219
3 289
109 247
146 247
46 101
272 161
204 157
159 9
111 78
37 291
120 240
87 113
252 255
256 170
25 44
36 297
32 238
157 102
112 82
210 14
137 176
249 55
155 264
220 251
3 94
108 119
37 289
62 242
117 41
226 275
163 26
105 175
144 40
143 296
230 122
151 94
191 79
11 225
205 257
230 266
171 261
12 34
161 10
112 124
21 299
115 145
126 75
193 85
48 128
126 220
226 225
224 218
108 162
178 24
84 48
301 83
199 125
162 298
19 144
249 291
241 293
26 72
213 81
278 307
287 33
286 89
77 101
21 111
129 197
222 94
281 201
193 297
308 38
126 90
34 284
202 291
200 207
26 58
34 8
248 86
100 210
130 244
253 113
77 83
231 230
2 218
205 58
150 217
205 49
238 255
34 183
240 216
98 285
294 250
105 101
98 28
215 129
163 157
223 124
133 204
182 106
112 205
248 91
268 123
160 296
192 5
34 307
273 274
4 75
23 90
21 229
81 151
145 57
154 274
96 216
247 71
52 254
272 197
4 218
212 226
229 121
191 4
212 144
68 3
188 293
300 244
134 27
281 6
226 17
88 141
167 71
119 30
309 208
123 260
224 209
21 302
281 89
193 217
287 200
96 113
148 220
81 17
50 174
287 250
212 201
144 199
290 196
308 120
172 208
48 33
301 128
94 138
23 263
250 286
71 140
16 54
298 268
173 89
167 206
287 138
298 9
286 285
21 263
226 132
265 64
155 63
151 170
19 297
63 260
299 187
266 9
77 258
182 145
104 162
4 237
228 50
261 45
67 96
173 205
253 275
34 105
32 36
182 96
193 128
267 31
303 297
252 40
155 310
18 179
49 110
220 152
231 74
7 57
34 84
4 242
26 53
155 28
294 286
188 207
237 285
305 262
117 277
34 74
303 83
155 278
126 19
27 150
310 24
87 16
78 95
129 138
308 165
125 33
155 86
218 89
200 180
111 29
310 184
48 181
267 266
121 255
253 108
256 257
224 112
112 190
230 45
224 66
160 53
222 181
17 234
229 133
32 285
224 52
171 188
288 154
3 175
223 89
171 17
88 291
103 242
93 154
301 297
185 38
277 9
40 297
46 257
290 297
224 108
34 288
48 86
19 286
157 94
65 216
308 176
42 268
145 234
238 66
134 184
76 9
73 242
73 274
162 211
87 261
295 169
155 53
302 107
290 66
67 55
147 242
224 33
181 71
12 142
246 86
268 255
98 14
63 268
213 258
302 304
112 25
198 220
238 299
265 148
271 255
91 262
234 195
120 41
84 33
93 26
159 305
112 39
276 251
218 35
280 271
250 285
129 306
212 122
85 113
6 70
134 306
65 260
237 118
199 270
281 113
48 221
133 101
172 96
103 235
272 172
142 55
116 204
296 165
172 119
82 185
274 97
160 261
112 23
281 214
163 211
74 258
237 273
303 242
146 226
277 244
240 46
188 180
256 136
154 42
248 202
69 45
77 117
230 234
181 72
58 165
280 91
235 256
241 5
222 48
170 232
49 258
215 156
19 211
265 123
220 263
35 260
287 285
310 211
267 176
192 165
238 81
11 304
87 3
4 124
68 202
129 187
200 55
115 13
111 307
68 128
78 8
163 0
17 161
237 42
87 304
309 281
77 183
295 220
301 8
85 58
287 241
52 208
120 214
226 157
93 235
183 23
230 291
155 116
26 81
87 240
193 191
209 310
257 119
299 133
93 187
84 285
231 6
218 47
302 89
101 99
267 285
197 89
215 183
69 256
52 242
301 95
272 261
296 264
76 170
129 150
105 275
303 102
209 219
77 4
92 63
109 116
205 128
19 270
301 258
76 67
286 128
21 259
109 187
299 31
209 151
130 105
154 10
6 157
190 214
15 220
39 276
284 76
161 30
114 261
18 107
282 266
65 56
150 128
66 291
84 176
267 151
69 219
240 101
12 201
94 166
138 23
157 252
222 219
108 206
44 48
222 166
91 138
171 44
116 154
154 35
112 150
148 122
87 263
281 118
248 41
274 101
252 260
196 137
150 5
105 89
178 258
158 176
116 97
249 56
295 190
82 252
231 8
265 270
150 225
267 206
192 211
191 280
6 217
302 33
235 200
129 66
229 244
183 128
193 243
143 307
269 260
65 5
172 11
189 257
183 120
295 246
276 107
191 40
134 66
84 221
62 96
103 274
43 140
222 49
117 5
212 161
229 220
217 41
248 81
108 3
193 37
88 227
32 286
249 80
224 122
25 149
32 158
134 29
68 107
124 306
252 86
6 251
256 122
52 96
209 291
37 266
119 102
69 141
308 60
227 104
310 67
224 56
219 55
212 89
163 166
157 51
36 264
73 262
224 233
144 204
87 241
37 220
162 94
298 263
248 204
248 133
76 125
188 63
17 185
6 195
275 166
127 146
61 121
249 40
34 104
227 231
84 268
111 42
88 288
227 288
259 4
78 29
237 47
134 11
23 219
262 184
159 23
302 300
230 306
263 165
88 214
121 125
202 131
108 268
78 14
73 49
275 242
198 249
162 255
116 76
280 106
162 269
134 221
299 42
172 250
11 187
224 212
213 94
265 4
88 77
105 244
58 214
272 105
250 185
241 18
5 38
111 263
75 305
47 70
75 176
34 51
238 148
85 168
15 154
289 59
261 41
287 22
134 117
229 78
77 130
104 110
64 47
111 105
167 58
253 123
12 194
67 132
302 102
160 206
25 195
150 36
121 62
235 77
218 250
133 137
122 70
291 138
65 208
162 165
218 244
158 273
104 149
63 43
154 252
129 280
11 166
58 247
34 291
256 94
157 128
268 219
286 258
84 214
108 204
143 7
144 181
230 216
43 72
100 57
78 277
267 113
82 285
171 105
49 58
199 266
204 41
44 197
12 37
153 260
280 263
19 125
135 173
267 27
16 31
116 90
63 286
220 304
66 106
272 212
100 182
108 84
199 188
112 160
109 106
144 131
273 68
155 122
7 176
222 169
109 97
272 178
265 282
105 184
155 59
51 221
127 22
167 297
212 258
145 206
151 110
200 128
134 113
3 138
265 182
116 175
65 3
105 20
175 7
224 93
196 138
153 107
215 289
67 107
241 31
261 86
309 122
227 62
78 213
108 46
110 244
109 203
108 8
17 49
155 159
162 157
28 166
109 31
92 180
228 124
272 28
91 204
112 308
19 191
6 293
259 45
109 261
134 293
145 211
281 9
230 210
94 40
23 72
183 275
3 45
151 62
235 293
241 67
299 217
26 298
234 275
73 43
309 276
137 256
92 46
238 252
265 105
238 286
103 213
301 273
100 54
295 166
243 10
224 147
235 139
231 149
228 231
126 229
134 296
17 113
236 100
135 294
183 241
64 261
17 120
193 305
77 192
221 197
229 80
145 113
49 30
277 217
235 144
272 90
224 167
92 275
199 151
302 79
127 33
52 11
181 244
290 35
276 204
126 274
153 181
206 195
85 75
215 77
61 153
191 47
285 107
157 47
238 257
181 131
2 69
274 152
253 234
299 41
78 70
32 46
28 7
109 37
75 232
183 286
310 9
281 217
19 195
73 185
134 31
40 197
129 218
116 51
272 0
155 101
93 32
142 170
112 142
134 151
17 258
286 14
205 81
161 71
205 54
227 214
240 33
92 225
240 270
243 157
12 86
253 4
120 207
267 150
172 16
200 158
287 139
155 36
171 117
205 116
93 166
12 265
127 65
222 25
256 43
164 124
78 242
212 29
295 239
73 90
290 123
162 56
289 132
178 41
85 288
44 101
8 225
224 8
21 297
212 42
272 188
237 151
193 90
73 294
112 306
117 30
294 75
241 276
286 35
272 117
287 210
204 152
287 92
257 184
178 242
224 65
108 47
249 36
207 66
158 79
65 262
53 46
134 49
144 17
24 176
88 153
18 157
240 184
281 90
309 170
294 96
167 276
104 204
68 132
19 4
171 161
108 285
168 255
167 246
286 8
120 181
301 195
243 310
271 305
145 192
230 24
272 53
51 107
302 110
127 242
231 63
65 27
256 165
17 203
101 122
109 277
188 49
151 41
155 212
76 10
92 58
19 258
245 89
127 142
220 179
248 296
69 18
63 276
280 264
159 83
12 50
120 304
27 8
127 115
143 90
129 63
46 297
32 117
215 25
15 203
272 74
65 218
21 191
277 211
167 241
185 86
170 99
249 150
171 16
3 11
290 60
130 163
100 130
29 218
272 187
100 113
126 156
209 197
16 58
98 9
295 67
4 244
290 266
265 27
150 307
128 136
243 199
75 47
144 286
299 247
29 248
193 195
48 214
191 222
274 197
116 118
272 89
19 84
229 215
150 240
162 23
253 51
245 203
218 277
26 210
256 106
93 8
284 0
185 261
49 165
182 11
308 31
196 102
19 122
77 203
83 123
192 187
155 263
290 53
109 117
112 72
249 136
19 172
212 218
143 14
147 309
292 31
74 302
238 281
274 140
129 57
142 76
172 75
134 90
261 40
156 8
3 168
272 147
139 196
4 136
65 169
138 261
224 17
16 55
124 275
163 294
290 142
84 42
63 221
105 40
49 277
257 67
265 236
65 101
261 225
159 11
276 187
104 48
308 128
286 43
265 188
290 270
213 162
309 42
127 308
16 214
145 277
199 244
93 304
50 20
237 180
17 141
147 256
220 90
118 217
155 174
4 56
217 31
149 187
112 246
4 25
104 140
134 278
267 28
136 7
157 176
68 204
301 247
3 176
193 91
47 300
249 192
273 55
26 30
63 266
299 0
153 125
64 77
247 264
37 234
204 161
19 119
17 237
145 133
286 166
124 257
210 5
173 179
267 245
68 217
295 160
172 285
213 24
223 212
16 49
109 56
221 55
193 44
51 24
229 280
92 184
309 18
114 163
0 158
114 45
19 222
159 276
243 251
52 62
278 38
205 273
235 188
49 107
280 38
3 307
24 72
73 133
114 271
191 99
272 153
108 48
43 258
224 204
217 13
145 8
134 254
145 62
68 221
143 35
237 221
302 24
294 37
12 33
224 181
277 125
85 247
256 285
149 116
32 271
120 187
109 239
143 66
271 251
143 54
167 78
16 257
96 10
77 161
272 162
301 28
25 53
211 184
124 244
94 72
109 113
129 244
138 304
200 191
51 175
50 148
295 216
160 290
230 154
163 269
162 11
29 90
183 273
122 175
309 49
173 147
67 30
112 109
114 239
226 293
73 297
127 271
147 69
212 106
83 190
69 63
290 220
289 36
82 237
272 157
73 109
294 120
124 43
243 293
78 274
205 141
277 107
112 279
35 101
241 9
206 35
32 308
27 55
108 208
287 56
167 89
26 95
22 125
167 96
61 239
135 270
234 70
128 106
65 104
155 31
67 99
259 95
27 54
48 176
224 74
104 152
287 97
65 275
249 281
248 258
290 33
245 40
223 159
295 110
303 197
212 102
47 24
309 101
108 269
100 56
108 41
148 154
224 115
238 10
246 62
129 264
17 105
153 142
144 60
205 97
193 148
127 124
167 255
109 185
224 180
46 57
43 221
240 116
3 202
209 68
98 8
100 69
247 131
16 211
284 108
92 11
17 214
154 128
229 158
295 273
298 293
171 195
21 308
65 60
84 204
167 91
98 133
237 283
130 60
151 281
70 244
194 17
195 11
112 90
98 258
25 305
127 164
19 35
273 51
5 90
286 118
281 13
287 271
310 154
73 32
150 255
190 300
78 66
67 95
165 197
206 102
68 30
261 300
83 241
210 67
137 105
21 252
122 89
284 166
17 296
287 25
284 208
88 2
213 56
99 165
16 304
104 142
78 82
299 60
100 273
155 128
265 292
302 249
308 296
162 293
232 71
84 234
100 42
105 168
54 289
143 18
102 45
42 214
191 289
65 259
250 101
183 170
230 76
303 49
240 296
193 204
3 123
111 254
205 283
59 255
249 301
209 63
15 258
100 296
230 55
237 84
76 175
170 262
148 132
73 92
240 37
159 279
108 75
148 55
278 36
129 283
93 111
34 0
35 219
216 20
48 190
240 62
82 128
118 96
66 260
209 132
134 74
281 162
271 268
25 36
85 98
6 306
112 55
100 277
181 221
178 60
100 202
245 18
18 300
104 0
172 94
217 106
129 257
215 230
213 106
295 288
182 94
230 244
54 230
309 185
123 9
84 291
19 26
121 11
21 109
253 72
307 70
191 53
155 35
121 162
250 220
32 72
109 123
272 183
215 104
272 276
223 298
198 33
250 113
281 48
218 99
272 91
78 137
269 20
193 153
265 145
63 149
75 49
128 208
302 162
289 204
249 225
16 179
138 252
267 168
302 196
183 131
127 20
92 195
182 47
127 213
246 87
134 234
210 179
22 164
103 37
272 218
82 49
195 269
21 250
47 36
309 169
249 276
309 10
145 245
0 84
87 281
82 230
287 225
112 93
287 260
299 33
256 95
301 81
256 5
247 263
76 113
270 38
235 100
28 24
193 207
205 284
49 195
217 94
53 99
226 241
210 220
63 8
32 145
116 271
236 47
192 183
93 176
44 180
91 131
124 197
259 181
160 55
26 113
112 199
126 244
302 124
135 35
25 123
191 105
230 221
103 300
162 187
261 266
185 203
303 52
261 203
16 125
120 305
183 206
127 105
267 106
88 233
160 266
172 45
82 219
25 204
292 26
272 122
12 74
159 169
25 91
110 113
73 81
21 274
222 8
272 174
196 8
16 83
212 4
224 200
15 17
50 217
0 91
205 285
2 198
122 131
265 264
192 277
47 96
271 20
249 139
243 230
93 264
77 151
267 248
292 242
158 117
217 293
129 71
228 297
164 152
245 132
245 232
143 275
272 217
202 76
39 304
213 30
83 154
193 55
59 165
8 36
174 75
112 130
299 255
144 234
134 111
210 72
12 155
281 255
148 255
3 62
200 175
265 112
225 152
303 213
265 57
215 246
155 162
75 138
282 306
294 152
194 187
92 148
273 45
150 247
218 102
238 269
116 101
94 55
100 145
77 48
218 141
212 115
294 211
105 187
266 242
48 168
170 41
44 185
109 145
66 30
172 225
162 258
265 107
154 62
108 307
179 225
157 258
249 48
65 210
134 55
210 304
226 23
19 23
150 220
65 143
295 22
240 220
164 230
71 36
277 306
65 110
49 271
301 108
26 51
170 140
309 99
299 95
276 48
172 95
69 250
289 268
290 37
138 262
150 166
1 97
121 263
188 20
231 192
218 268
167 207
23 258
69 241
5 255
308 286
69 101
171 233
25 95
129 252
143 40
155 66
147 129
265 200
32 17
277 113
6 86
295 259
286 190
32 171
193 288
286 152
212 51
67 275
228 301
273 221
173 3
265 183
167 290
73 31
188 99
284 11
62 225
37 204
194 39
4 132
127 238
76 138
25 23
87 208
62 56
294 56
129 261
145 13
234 105
263 57
231 185
110 131
191 218
104 261
280 185
78 182
143 245
66 70
114 131
114 170
172 143
16 169
164 183
274 9
25 42
226 117
170 197
245 168
129 180
268 11
160 67
26 101
108 63
87 43
93 132
302 0
129 245
218 136
19 226
171 60
160 162
229 30
92 297
237 300
32 270
247 36
286 47
213 289
216 266
93 57
4 255
295 221
301 6
122 7
191 187
299 204
145 125
172 299
271 297
171 69
229 169
112 188
172 58
12 223
290 190
112 65
44 225
116 95
193 278
158 72
303 76
171 63
76 263
59 140
32 15
172 17
65 118
167 20
81 185
3 105
196 240
112 288
213 185
114 269
200 256
295 250
240 251
53 300
78 247
147 273
301 46
108 33
47 168
234 255
4 72
150 62
234 247
150 132
222 281
274 203
155 236
196 113
273 165
6 255
160 263
127 50
153 200
202 305
193 248
299 122
121 247
65 274
182 283
288 49
111 206
66 258
171 59
282 186
265 52
196 309
159 257
229 309
231 54
310 308
209 175
102 41
202 271
121 278
73 114
303 71
162 58
76 110
181 232
290 102
308 280
112 259
4 62
267 251
54 251
295 237
280 293
103 115
280 157
134 169
4 277
301 288
267 160
19 18
298 131
182 297
134 16
172 36
12 6
159 35
252 166
188 280
294 18
19 78
228 184
27 136
114 123
162 242
280 68
73 308
212 245
50 137
204 296
231 92
130 67
308 11
267 294
124 261
78 102
276 286
78 108
276 170
303 304
47 263
205 3
157 95
67 220
299 220
15 26
127 130
42 264
124 9
200 48
218 202
3 136
265 102
19 234
172 216
173 34
114 142
129 133
92 152
84 7
63 140
240 102
64 133
282 98
253 214
295 50
278 113
21 137
51 125
302 77
309 125
303 120
218 289
34 89
278 306
166 33
144 132
134 295
230 152
25 138
92 232
76 305
35 306
267 204
172 5
66 208
271 31
1 9
134 152
66 35
154 271
302 197
109 293
234 113
192 218
114 58
27 10
139 299
227 194
289 140
280 137
119 11
193 57
145 66
17 117
40 9
301 142
238 42
167 225
226 181
243 66
172 13
238 241
127 160
213 121
170 57
210 105
179 258
290 143
124 132
308 230
112 128
109 154
204 234
111 225
46 68
103 296
19 100
301 308
257 128
109 22
83 203
117 268
181 36
109 5
172 7
276 71
73 36
188 226
73 149
301 113
302 4
134 299
295 136
213 201
3 14
181 56
235 195
112 198
243 209
91 71
145 204
307 131
116 285
162 217
71 99
215 56
138 214
148 10
73 147
129 91
127 280
249 219
68 276
114 6
0 197
81 252
209 122
235 152
277 71
112 100
37 6
288 132
104 284
39 107
235 18
252 176
289 217
301 185
126 76
155 9
151 40
298 128
107 251
129 208
80 18
161 140
278 7
243 82
241 275
116 105
190 268
145 106
224 275
34 44
295 116
225 293
309 118
230 20
163 94
149 6
265 70
127 30
205 142
272 198
121 266
240 168
73 204
129 23
104 297
51 86
109 233
202 300
240 187
32 151
284 67
202 89
226 68
295 306
303 23
100 38
302 116
4 28
147 150
76 242
261 306
270 262
210 107
241 138
93 207
23 269
217 122
149 285
210 269
296 113
87 36
218 257
117 225
176 89
114 294
146 293
229 37
22 121
157 40
232 269
230 140
191 124
4 168
128 107
127 93
37 122
179 72
34 163
202 289
15 116
275 136
238 187
16 10
65 212
4 76
212 217
226 175
49 293
194 35
17 270
261 179
288 190
299 161
160 23
308 283
136 197
151 269
247 70
109 42
58 140
224 214
167 118
145 140
67 208
225 263
237 257
19 136
112 64
301 237
204 260
220 166
200 157
308 3
246 24
100 290
103 133
94 38
298 106
217 175
133 170
212 293
155 0
129 28
271 128
50 216
209 156
193 78
112 285
303 198
17 285
276 136
167 22
218 203
151 76
193 245
47 97
145 91
150 67
109 216
287 151
6 10
108 214
134 163
307 107
239 258
276 252
272 238
204 176
73 195
84 75
215 286
155 188
81 72
15 277
134 276
81 271
114 310
159 307
272 19
153 80
269 36
129 141
181 247
127 120
134 205
93 267
236 225
82 56
301 219
88 300
301 14
199 38
91 245
192 148
34 28
29 182
84 270
111 157
74 217
234 96
267 62
191 237
267 164
34 180
146 94
124 14
171 221
257 234
286 269
62 97
127 133
134 230
150 197
299 62
114 22
155 21
281 51
103 47
71 107
232 175
112 81
296 242
127 40
43 255
226 169
160 242
134 82
4 145
166 90
98 296
100 199
26 38
175 258
190 138
111 60
86 33
290 148
167 285
301 169
162 110
188 285
110 95
112 29
184 140
114 260
94 304
268 36
138 55
171 24
105 268
200 107
256 203
199 42
17 20
221 184
52 203
193 120
227 47
174 80
43 71
212 181
2 22
308 117
153 175
134 110
295 89
79 211
277 36
270 296
277 262
299 300
161 24
143 31
295 268
220 258
245 300
78 100
21 239
91 76
240 180
73 55
113 99
52 122
16 260
32 14
173 153
295 194
58 261
172 199
98 3
153 241
12 55
19 49
202 117
92 105
308 211
160 60
104 217
18 257
112 300
167 270
100 40
229 56
210 247
2 90
154 304
302 129
118 185
84 281
100 302
181 291
91 38
212 187
44 89
127 172
213 197
17 190
93 31
228 86
92 106
63 36
109 199
52 153
240 57
212 220
228 67
230 197
108 195
145 207
224 58
224 278
287 214
16 116
265 240
144 293
275 219
158 67
144 154
229 130
212 20
122 261
249 218
32 55
114 64
295 125
46 201
37 38
299 116
175 244
291 23
160 96
126 161
284 203
179 45
34 252
267 23
37 13
249 175
217 187
284 210
243 222
299 251
15 57
79 47
290 72
141 175
78 205
67 261
88 243
196 62
193 175
34 165
302 49
121 242
229 11
175 293
272 209
267 136
224 29
173 163
250 9
237 202
267 175
182 122
268 261
6 96
37 123
210 125
34 48
212 177
76 90
273 286
120 262
265 141
308 68
135 67
147 157
162 185
32 42
247 168
17 97
93 195
101 125
34 140
129 190
308 95
250 276
73 260
17 195
205 180
135 284
19 13
185 242
146 104
183 84
199 203
32 293
155 248
287 282
62 57
172 292
274 58
21 276
155 94
88 67
227 302
154 305
127 102
287 9
290 273
43 38
28 89
245 68
162 137
144 309
191 66
280 170
160 185
142 90
143 129
303 221
155 14
272 123
87 305
142 263
21 100
91 33
272 210
173 122
299 211
95 297
218 38
49 289
127 141
153 268
162 219
112 270
129 124
205 110
213 266
205 129
100 6
205 271
230 250
170 152
127 228
209 96
151 140
230 247
236 163
231 209
155 102
107 57
32 235
171 219
143 141
310 107
183 204
61 94
52 26
126 177
116 307
308 124
278 118
308 242
153 121
241 57
195 152
69 33
306 89
111 196
162 270
84 210
310 176
67 24
212 5
199 121
39 38
148 221
299 289
205 8
207 11
290 145
229 284
17 294
164 24
25 221
25 140
12 104
159 302
218 40
34 220
59 45
272 288
182 260
92 201
287 106
192 271
237 72
146 0
248 22
52 102
67 247
277 271
173 274
25 255
17 176
170 293
49 122
17 220
100 83
193 92
48 106
229 268
295 257
150 107
136 260
261 264
12 207
310 108
144 145
142 257
302 139
155 297
65 200
93 74
257 45
112 201
162 51
67 38
190 211
65 294
229 234
129 55
284 24
88 282
16 203
3 283
269 306
164 60
97 165
213 237
299 266
114 107
34 136
282 71
302 51
73 117
285 179
171 241
213 151
157 263
193 309
129 102
135 50
286 291
62 211
155 71
81 232
243 275
58 255
94 136
265 28
19 291
137 232
172 71
54 266
249 309
87 20
133 120
162 274
294 161
143 148
206 41
82 233
52 38
276 271
22 130
32 125
8 266
19 56
249 165
250 140
4 208
129 38
19 187
212 87
98 154
265 124
222 131
25 260
205 99
237 35
294 273
77 216
119 51
108 294
127 84
26 62
271 262
218 166
286 210
100 251
65 139
26 219
144 44
284 68
250 70
109 48
295 54
168 242
308 237
111 158
218 94
146 207
200 145
172 15
160 64
76 298
11 20
73 80
232 132
249 157
82 16
129 99
243 36
37 8
281 274
92 305
17 67
295 46
253 117
58 128
82 190
19 309
199 219
295 90
133 293
49 307
82 121
299 168
156 13
85 35
73 107
290 56
133 72
70 252
266 57
229 269
160 36
218 33
88 92
109 4
78 197
287 294
65 18
298 48
234 67
270 185
301 161
286 28
285 72
256 234
299 58
124 214
272 114
308 108
141 157
173 239
100 181
271 220
85 242
4 273
61 122
49 185
6 277
229 20
182 275
27 237
109 255
3 251
230 40
240 256
237 102
76 256
155 210
51 123
110 105
229 262
229 89
73 211
190 13
65 55
143 203
92 75
289 40
178 64
263 106
160 199
171 128
174 150
100 7
280 97
241 263
65 277
193 174
76 105
303 115
19 247
302 82
82 251
155 3
276 166
181 24
227 124
79 175
171 266
182 54
8 70
183 195
100 72
230 101
137 33
267 162
301 124
4 221
36 45
238 170
298 201
263 184
230 242
26 36
130 94
172 37
162 76
220 297
74 221
228 169
127 154
164 97
240 124
74 49
88 60
34 53
227 69
272 204
78 289
234 23
289 263
58 89
12 198
111 24
116 125
172 90
187 9
230 300
308 0
145 158
240 206
245 67
65 166
105 5
217 90
5 136
16 168
105 166
276 269
224 116
122 293
199 51
274 263
205 13
298 296
159 43
162 42
234 221
191 143
196 42
112 129
160 105
160 13
173 104
12 172
129 251
133 110
276 20
112 69
127 107
281 261
129 255
52 293
146 53
98 51
109 291
109 83
162 203
127 266
88 51
191 75
88 116
32 306
226 261
265 78
267 60
159 120
35 165
100 116
121 245
133 169
243 245
263 258
134 44
226 131
298 141
287 145
114 218
261 175
259 74
32 162
127 173
174 117
240 75
88 86
103 18
294 7
256 277
127 208
76 300
272 73
238 37
182 86
130 102
81 230
8 23
44 271
166 258
148 275
249 106
267 239
274 166
215 284
200 182
294 110
15 99
295 115
199 169
19 80
135 217
49 251
25 185
265 196
127 183
205 252
64 294
127 198
46 6
172 195
69 214
34 72
151 274
92 44
191 158
65 185
215 235
212 249
19 3
188 43
114 41
249 226
112 37
224 271
65 91
6 136
6 261
113 220
65 299
185 59
252 242
202 58
26 286
87 106
37 256
217 179
170 58
37 263
19 308
222 17
308 67
125 263
65 31
65 183
32 277
134 280
22 232
68 18
200 31
193 143
290 308
120 203
212 117
155 51
174 257
72 20
18 31
245 116
26 48
190 67
183 169
104 137
182 281
126 114
270 95
212 73
170 30
100 281
193 296
248 30
243 75
209 101
150 216
163 149
39 28
100 190
32 101
302 166
250 195
271 59
267 260
209 162
249 242
66 36
212 108
295 197
290 166
172 152
68 154
52 148
143 124
25 35
282 143
299 179
160 264
73 184
209 226
23 71
109 45
301 5
287 130
171 260
271 266
18 232
245 137
32 143
98 286
62 285
221 263
63 293
193 199
171 285
19 121
288 268
196 297
63 202
271 131
112 156
153 172
237 101
249 17
250 132
104 256
196 241
104 241
257 157
204 271
308 13
156 57
170 67
65 249
108 149
88 131
274 306
167 252
272 133
127 52
112 138
302 226
213 72
162 297
229 102
209 285
6 40
109 28
254 281
100 203
98 140
146 275
183 55
126 130
222 162
243 299
270 297
19 92
100 71
284 219
288 281
37 62
240 260
7 40
193 42
16 297
112 183
205 18
228 202
6 256
129 45
272 43
104 232
82 91
58 41
91 107
144 285
15 250
82 299
289 219
157 197
138 251
272 262
112 192
213 202
74 239
203 132
202 110
265 191
224 310
243 18
34 225
91 60
71 184
84 274
68 11
162 38
148 57
114 13
104 158
294 42
209 181
32 225
43 113
171 35
253 181
155 307
302 45
235 130
224 2
114 293
2 89
91 116
249 202
229 108
203 255
240 23
221 152
222 185
249 66
303 229
199 214
21 153
102 57
73 309
32 154
162 152
46 211
96 11
3 35
274 106
134 103
112 273
224 300
200 5
47 122
154 11
188 55
143 150
62 132
275 214
181 20
109 292
155 138
278 152
224 210
76 190
126 160
81 211
183 24
114 289
69 290
295 144
76 264
88 237
73 182
62 266
32 16
241 41
16 242
215 160
179 20
65 191
286 141
41 266
25 124
112 52
93 205
301 101
273 47
158 62
172 59
44 214
17 304
130 210
42 24
192 190
263 297
299 192
112 61
124 56
308 46
229 270
226 95
93 218
216 262
34 147
248 137
273 201
76 7
295 141
147 71
59 55
204 138
82 260
82 143
32 76
202 56
63 179
25 131
96 90
280 276
153 31
114 8
12 101
252 266
308 26
199 230
79 266
65 192
287 230
35 58
303 244
308 154
128 119
119 293
48 300
56 305
127 293
173 210
308 297
109 166
222 208
88 14
8 184
63 23
174 66
205 94
299 81
87 24
101 293
147 82
287 270
63 296
148 99
263 40
112 91
303 132
150 137
133 230
228 126
143 36
282 79
78 297
139 132
17 168
155 302
124 138
243 3
303 208
127 163
108 250
182 63
114 75
137 168
124 219
236 277
167 141
284 232
43 247
82 255
40 242
209 251
281 270
200 188
276 59
250 219
141 285
104 299
145 70
12 11
37 55
295 183
82 180
235 207
68 113
104 195
63 166
226 300
32 141
114 306
147 139
108 138
93 165
25 5
143 271
296 203
212 262
205 230
161 168
294 306
79 245
144 24
121 257
256 161
205 203
173 186
116 5
209 86
154 51
270 24
289 31
153 300
34 18
91 291
286 33
232 220
195 72
284 271
0 7
108 36
243 239
16 71
50 266
22 105
215 234
160 270
12 94
235 220
295 210
188 242
143 95
238 149
198 28
294 20
224 121
83 286
73 150
160 209
191 82
59 260
112 302
308 220
65 309
190 232
173 253
119 269
138 179
69 157
181 59
257 13
160 171
62 106
284 35
181 185
237 33
3 157
196 148
270 289
241 296
55 9
66 261
91 285
167 226
134 96
120 70
34 261
224 178
308 97
126 241
127 92
157 113
16 258
69 28
191 148
16 252
237 105
16 245
287 148
4 129
145 217
159 273
12 111
19 248
271 67
256 62
298 102
204 7
150 148
193 230
205 220
237 197
276 255
164 168
178 39
167 163
125 255
182 4
245 234
257 181
112 62
99 255
212 197
230 225
21 116
272 176
205 245
159 218
98 195
303 269
181 57
48 268
146 74
91 185
228 65
12 204
210 283
285 33
210 47
224 189
294 33
127 51
224 196
200 119
162 107
259 277
154 263
127 114
42 219
117 23
272 59
167 1
144 256
280 165
134 180
245 190
98 226
148 268
167 186
265 106
183 168
272 216
301 217
288 48
146 33
238 30
44 7
238 158
19 63
167 288
193 131
151 307
68 123
245 113
144 165
191 119
144 99
109 209
170 255
52 39
193 233
32 202
195 9
76 157
308 42
37 94
120 10
303 153
26 137
151 309
218 274
120 230
27 299
170 125
104 30
69 124
65 211
308 53
71 24
126 209
167 243
19 294
229 226
295 64
129 217
37 216
0 226
190 30
104 209
227 149
227 111
16 106
202 10
110 124
253 64
276 113
267 142
291 99
134 0
137 41
17 99
287 201
65 202
265 185
272 51
308 110
78 98
192 33
222 13
73 122
96 20
299 202
284 180
181 264
182 79
220 123
249 71
294 8
32 222
11 36
79 251
234 283
21 70
135 286
125 244
196 214
285 140
34 100
19 139
188 28
265 72
310 60
155 146
143 33
97 300
268 30
134 239
76 204
92 222
52 207
245 268
71 55
167 300
88 74
62 55
167 310
119 262
73 183
25 300
265 90
16 184
171 33
74 210
161 86
94 187
76 297
53 298
76 211
109 30
84 170
209 220
93 185
84 113
146 48
191 154
192 40
302 247
272 45
116 66
26 176
63 184
247 260
160 299
87 266
154 58
22 289
269 71
143 273
267 220
129 289
294 116
299 63
4 162
271 43
209 152
93 49
302 171
28 244
160 245
138 90
172 123
303 212
178 141
91 43
127 26
134 23
126 181
134 80
48 263
200 296
34 168
237 106
37 24
237 138
227 280
44 258
181 203
155 247
241 59
307 140
170 184
150 195
117 55
12 44
64 277
224 140
265 288
289 201
290 183
19 168
135 290
263 166
76 260
152 260
228 74
77 36
278 125
238 76
19 217
37 276
68 55
215 128
236 245
124 220
4 14
241 274
8 40
193 277
267 214
224 80
267 141
164 261
267 128
12 257
91 42
248 218
213 274
265 87
74 165
303 86
25 252
198 60
172 271
301 31
17 91
240 293
299 203
302 57
12 190
155 266
1 287
100 280
88 76
147 49
213 86
270 99
284 296
159 298
265 283
265 79
15 110
218 76
224 68
68 13
212 257
241 247
8 132
181 269
155 171
124 31
15 251
155 93
276 24
88 22
249 47
196 31
6 72
310 72
307 13
274 31
234 97
249 196
279 97
247 293
229 39
121 291
217 128
154 208
37 30
88 174
202 94
256 123
285 261
77 244
287 15
101 161
101 9
196 83
308 83
127 223
174 281
191 58
135 179
4 157
193 107
94 216
19 97
133 3
126 281
84 225
195 307
112 174
122 187
117 107
78 83
250 260
173 222
287 222
133 42
112 299
309 286
212 261
100 90
193 151
154 195
254 175
162 266
6 274
78 46
256 175
144 81
213 20
206 179
78 308
105 41
122 244
12 307
0 268
138 306
232 275
78 149
183 117
218 152
119 45
204 96
109 54
91 67
212 232
295 302
114 11
280 138
103 148
246 116
167 82
141 59
212 151
0 28
68 71
310 151
192 242
274 261
228 129
160 66
150 161
238 6
128 251
159 56
235 196
100 234
134 201
11 40
143 218
34 170
65 64
34 275
100 172
181 95
28 102
188 122
11 24
78 25
219 40
73 292
108 57
66 13
1 51
21 42
73 156
173 251
241 170
46 276
171 187
188 252
270 110
68 51
269 41
155 82
236 204
303 122
303 279
4 17
66 94
62 195
303 7
256 97
173 82
151 106
160 22
167 203
88 0
87 18
134 142
46 170
96 221
228 53
120 150
65 197
167 124
8 86
162 220
114 124
193 298
134 61
215 152
114 220
145 123
81 13
301 53
218 269
96 244
52 215
157 31
87 0
205 66
134 298
78 250
226 41
303 217
206 36
19 250
172 293
234 38
257 255
245 3
116 219
287 101
109 286
117 214
137 66
146 27
250 165
34 160
106 20
302 83
154 55
309 95
272 230
289 48
127 217
269 90
220 45
202 99
109 300
265 242
0 251
127 118
168 106
100 49
227 218
104 77
181 55
193 71
245 264
69 7
240 210
130 99
37 117
19 301
139 150
173 250
26 273
265 54
212 109
49 148
71 72
147 302
204 123
73 22
182 66
87 199
220 175
127 219
64 81
76 216
165 258
212 91
256 154
302 180
108 148
122 252
53 55
250 105
24 187
230 36
218 211
310 264
237 8
129 122
163 23
277 99
288 221
241 90
120 220
206 9
129 62
290 58
157 101
145 45
92 8
218 60
298 304
126 137
171 247
93 81
170 219
16 28
68 264
92 68
121 95
21 57
127 47
248 94
265 193
193 11
43 101
82 182
155 270
245 252
146 183
224 170
256 30
240 262
34 251
249 264
299 3
272 98
276 225
162 66
237 201
307 113
51 90
43 90
109 25
287 35
294 14
181 136
105 102
243 301
267 179
3 216
129 240
54 138
127 207
221 36
77 285
265 14
287 121
19 185
226 285
167 98
134 218
202 123
222 3
145 124
265 109
87 22
162 35
293 132
44 72
211 176
210 185
252 107
108 96
47 179
240 252
273 95
310 97
288 216
88 93
200 0
232 33
229 28
85 22
81 204
234 107
42 197
248 150
84 116
134 238
8 56
32 250
18 252
222 283
301 26
229 107
215 209
218 154
96 45
159 280
148 23
77 309
213 83
179 125
88 308
240 90
289 13
199 92
21 285
47 268
58 7
127 157
150 106
213 48
66 67
282 185
272 49
157 269
243 170
276 261
247 95
299 275
16 262
280 255
155 56
92 9
87 163
274 23
267 270
231 67
3 250
192 94
196 285
26 165
21 7
147 132
251 90
281 304
193 97
128 96
48 38
287 137
234 152
32 232
64 109
50 152
170 297
302 38
15 79
157 7
215 253
33 9
302 245
240 152
183 42
190 10
151 262
156 84
62 30
78 124
285 36
238 90
129 274
58 136
16 96
181 113
137 70
273 56
182 273
17 71
25 251
295 299
104 51
168 166
296 71
181 23
109 275
65 67
35 122
205 28
143 180
4 164
212 148
161 255
303 207
65 253
6 9
250 234
144 20
294 148
96 214
167 43
3 66
171 30
261 140
265 135
167 212
295 242
301 106
94 275
224 26
210 187
182 102
127 190
168 71
7 197
6 305
191 101
145 180
84 256
146 40
181 33
188 298
103 215
193 172
199 290
134 139
52 46
73 26
237 240
124 208
174 54
173 262
276 203
66 90
301 266
273 293
65 123
228 24
114 186
200 141
162 86
65 13
171 179
68 268
4 38
68 285
37 202
171 82
17 166
73 28
114 196
217 304
120 49
285 293
47 106
150 44
119 300
308 40
155 16
181 40
48 99
256 307
35 70
120 96
143 137
295 61
160 213
23 107
309 258
6 41
63 185
156 89
193 150
309 263
144 23
109 84
121 45
167 302
25 13
157 59
275 40
244 293
257 210
111 247
167 185
25 43
120 261
170 247
284 256
146 181
154 71
198 237
282 44
144 238
25 285
287 199
273 307
134 125
256 9
120 278
127 29
114 15
165 41
173 240
168 152
228 201
209 234
303 5
65 73
77 57
245 48
148 307
190 36
150 102
73 235
228 189
94 96
12 61
68 57
155 242
65 7
212 255
303 8
174 204
294 3
121 8
200 27
77 99
241 184
69 60
295 255
286 219
277 102
301 70
32 261
303 57
273 268
159 179
212 74
48 307
236 205
249 116
93 100
185 255
240 31
241 62
133 257
182 75
97 305
78 218
67 305
281 57
130 261
287 278
217 184
143 161
18 304
93 10
237 55
226 289
116 266
274 138
245 185
230 263
209 55
115 90
289 197
74 305
21 60
218 128
253 207
235 70
170 7
257 283
212 182
257 59
139 41
167 195
146 22
181 211
235 273
178 302
191 149
96 261
3 59
48 217
162 176
34 94
112 15
27 6
272 202
41 20
5 175
191 162
110 257
286 72
302 261
63 278
287 226
128 264
78 40
103 180
287 245
204 195
73 244
303 91
299 128
134 167
19 230
224 119
288 291
68 118
77 133
303 191
273 216
66 136
155 154
237 99
224 117
267 198
141 36
110 90
265 15
12 254
8 30
158 252
173 120
160 138
272 211
83 309
272 191
16 240
193 48
25 30
285 113
2 274
65 43
174 156
301 271
77 108
0 217
198 62
270 184
34 97
217 7
243 128
191 211
223 110
172 185
207 170
100 152
256 66
92 107
205 218
299 207
5 266
226 165
114 82
21 149
77 71
280 221
295 205
25 8
76 296
237 309
103 62
91 271
69 296
205 201
249 51
16 276
16 110
309 203
144 195
270 137
254 129
17 169
224 298
222 51
286 161
22 42
206 263
19 58
267 109
112 11
19 177
150 10
265 217
220 165
134 62
92 14
91 62
117 201
114 150
143 140
34 11
69 251
173 233
22 237
192 47
193 73
228 238
11 59
35 95
153 248
249 148
289 30
302 175
302 26
284 283
125 176
25 70
88 119
309 121
214 70
105 255
5 165
288 196
144 116
167 125
287 286
88 225
82 140
127 226
77 41
160 256
271 70
310 278
241 10
253 283
103 304
294 119
114 255
193 35
250 204
310 245
129 128
182 244
218 190
35 138
46 95
263 132
171 278
289 252
182 142
11 14
88 26
151 245
170 225
204 72
207 244
76 117
12 231
267 281
280 54
198 253
109 296
282 123
96 13
88 167
170 307
250 211
34 286
155 226
34 201
167 57
295 244
276 99
121 24
21 203
130 5
100 119
39 264
167 28
296 219
148 97
151 285
245 141
193 302
299 105
91 11
302 56
22 202
35 14
98 275
226 36
301 116
137 275
114 105
215 151
12 169
256 110
182 210
87 58
238 123
78 110
1 71
303 39
276 101
58 40
224 238
88 89
49 36
243 184
218 217
17 57
159 129
270 197
162 141
48 140
249 118
134 84
232 244
134 45
69 76
88 23
99 38
120 256
112 10
155 285
295 236
112 59
86 20
93 107
199 102
145 20
126 22
267 183
170 263
231 288
172 171
93 113
133 142
286 181
194 99
146 133
238 163
267 163
205 24
182 113
129 105
117 47
65 282
76 132
209 76
209 0
151 119
69 286
193 220
257 113
250 7
205 151
274 184
112 296
301 268
114 20
212 166
270 105
275 300
278 37
301 220
54 270
98 280
226 197
299 121
229 274
77 35
193 109
65 240
6 8
151 35
112 5
111 207
87 149
272 253
61 46
291 11
103 104
37 195
163 62
241 58
134 67
155 259
162 128
181 43
144 225
160 201
253 20
224 31
151 283
193 66
113 132
154 97
261 123
49 95
37 190
46 47
171 264
245 58
273 10
6 187
17 24
239 165
229 63
189 105
217 113
54 276
272 25
164 63
222 251
64 97
154 166
243 283
301 170
160 90
157 152
91 86
76 6
34 238
103 252
195 47
172 276
0 269
153 206
137 14
170 305
6 257
173 98
125 140
247 57
85 292
65 196
273 300
308 66
157 260
241 14
120 190
235 97
111 54
222 165
143 206
134 79
11 175
165 20
286 201
280 48
301 281
163 5
65 256
120 225
135 301
274 86
182 125
54 278
150 138
154 94
193 83
70 297
237 137
87 79
88 68
178 7
236 307
308 257
226 124
240 18
284 75
309 202
67 89
155 218
249 9
109 290
295 15
270 148
49 59
109 0
256 190
84 102
73 209
206 304
224 285
237 210
174 0
26 166
81 132
22 269
75 201
278 271
289 306
66 197
114 242
92 141
309 297
84 121
82 305
240 99
205 308
249 158
200 151
247 125
249 262
162 179
87 207
65 267
307 36
26 151
19 293
26 150
309 9
253 161
178 226
103 204
111 139
119 122
183 240
154 258
143 157
284 150
94 264
290 94
16 25
212 119
218 219
6 140
19 81
306 176
155 84
17 136
195 220
228 188
291 260
25 268
301 58
105 38
73 164
252 41
21 291
77 182
287 220
303 148
301 0
114 299
114 133
73 299
100 222
145 307
303 82
249 190
159 22
4 268
116 283
234 285
224 239
26 278
92 281
21 156
182 107
200 82
238 278
29 251
73 10
224 242
88 104
21 267
155 261
160 113
134 8
8 41
295 292
196 70
260 45
146 152
17 251
112 4
129 162
112 7
183 247
191 18
301 38
275 258
88 19
224 290
226 170
301 25
112 32
224 13
77 222
92 49
134 303
73 96
230 274
1 248
179 55
146 85
212 209
224 7
236 267
272 63
224 132
146 217
142 261
276 128
249 94
179 5
240 285
211 293
17 211
73 61
200 83
301 176
39 309
222 244
62 51
19 94
309 260
205 44
34 64
37 210
308 255
302 113
271 113
229 221
112 35
38 131
108 7
127 189
43 220
247 45
224 81
245 107
226 54
114 97
167 151
228 71
19 169
218 113
120 165
272 29
273 18
226 138
159 107
290 137
213 277
289 11
148 24
253 180
228 26
92 306
265 158
205 168
249 197
231 26
224 276
81 260
134 192
309 270
212 219
102 138
229 213
43 216
308 247
272 246
278 154
299 108
173 241
240 131
299 270
284 207
104 43
295 139
92 294
109 182
130 293
299 297
52 298
272 207
207 72
235 307
172 280
68 42
105 262
256 296
0 131
222 218
249 221
114 241
272 151
210 13
229 51
76 66
84 23
303 235
181 214
36 86
256 179
241 125
82 298
205 219
216 261
309 214
150 180
243 225
272 160
126 306
301 123
222 210
130 122
68 289
209 281
160 269
213 261
82 169
88 133
0 289
58 107
67 138
308 28
65 90
39 206
295 264
32 133
265 174
112 135
172 130
191 6
182 290
12 225
207 7
120 48
167 117
191 301
91 119
287 166
109 257
272 226
284 56
162 20
302 192
82 195
87 110
183 203
286 90
287 279
3 276
212 30
81 206
310 91
26 218
123 263
181 89
42 161
120 105
17 183
98 27
235 271
117 195
94 13
167 24
34 101
130 7
134 191
12 53
129 237
183 62
309 45
209 119
253 137
129 214
28 219
272 156
309 293
267 244
267 280
222 71
269 304
301 252
267 43
54 45
155 260
163 234
286 208
217 168
159 254
231 201
271 225
241 244
275 176
39 174
237 46
112 298
307 89
116 48
281 132
105 132
243 183
226 219
112 290
250 66
309 38
206 161
19 91
229 253
165 89
249 33
43 176
74 268
229 240
294 121
191 242
309 232
205 266
308 119
39 204
108 289
65 194
162 60
183 237
93 73
88 46
28 221
92 170
124 210
185 306
78 261
171 54
298 110
280 116
295 258
310 258
218 285
113 23
62 24
200 290
127 48
160 110
301 140
202 263
280 251
237 281
6 242
69 128
77 62
92 206
120 283
82 270
129 84
157 166
145 213
212 244
276 96
182 152
285 131
121 268
280 266
267 288
295 289
42 185
127 39
52 270
25 309
143 208
160 164
82 122
76 35
88 85
292 240
155 70
8 95
33 255
171 92
301 154
108 296
181 51
299 36
156 181
76 262
157 13
15 149
290 208
21 277
309 94
158 150
295 44
287 308
222 121
238 292
237 67
303 27
17 181
121 37
103 246
109 256
172 279
19 138
150 207
143 262
120 116
92 47
65 136
259 238
77 25
159 231
307 28
6 298
64 101
150 72
87 151
308 8
34 76
215 239
275 216
145 86
188 263
250 180
230 41
35 261
290 83
88 203
49 6
226 256
190 263
284 274
12 215
43 30
167 235
249 10
217 138
12 300
154 269
65 238
204 170
276 297
182 117
183 283
77 218
65 115
101 40
205 296
227 301
143 49
268 266
84 71
100 270
112 274
162 283
284 162
12 206
144 307
202 136
287 5
109 149
178 237
254 297
226 278
19 29
247 5
302 69
92 33
309 46
190 38
122 11
302 252
287 147
92 95
65 266
78 104
162 18
219 30
146 92
57 89
196 264
261 55
213 60
195 20
18 242
84 132
299 252
63 91
142 36
74 195
224 0
34 175
129 7
280 56
238 247
116 110
133 216
173 298
182 24
303 291
302 95
193 154
32 86
226 260
302 290
301 283
158 208
267 124
105 107
224 280
159 53
172 169
134 150
150 31
150 13
114 121
85 149
103 200
109 94
265 173
153 176
24 260
267 122
3 266
88 157
66 89
180 148
277 285
144 16
32 292
15 245
302 94
226 11
198 310
64 251
155 52
272 66
145 237
281 230
173 226
62 107
212 210
302 182
151 203
295 277
110 291
253 81
124 297
114 71
200 250
21 106
3 210
73 163
250 217
116 94
267 5
231 199
272 203
155 72
280 23
51 11
34 157
299 181
298 208
253 242
44 277
119 20
128 57
308 306
188 6
93 266
77 3
235 184
127 83
145 304
154 90
221 123
178 164
21 226
150 140
23 242
227 295
217 23
226 56
121 33
112 83
275 122
124 277
109 136
224 306
229 109
117 138
143 196
108 157
85 37
253 95
104 245
4 213
84 203
118 131
171 131
161 261
224 39
247 179
192 289
231 114
290 152
117 131
245 124
170 283
88 27
127 70
226 55
286 307
236 67
228 84
215 124
250 76
155 243
284 28
12 154
245 96
139 260
12 28
91 275
236 284
145 152
77 119
48 219
25 289
226 128
265 23
230 8
229 160
182 36
145 0
16 23
257 132
272 267
284 121
22 170
207 23
69 162
274 293
116 41
295 285
51 140
112 16
281 30
207 51
224 284
245 202
32 253
295 41
286 20
249 183
68 157
155 134
139 57
76 14
240 40
152 86
26 234
143 28
180 40
129 179
256 8
103 32
181 14
270 211
280 169
52 106
222 260
250 33
109 285
243 96
39 156
294 60
181 297
231 71
144 168
193 187
310 16
159 99
172 110
240 105
250 106
66 214
173 234
4 165
234 297
121 10
301 264
212 156
303 220
224 22
138 40
153 84
129 185
212 206
294 102
40 258
66 304
193 163
37 257
238 49
301 150
215 45
120 269
63 101
249 138
141 101
53 255
295 172
88 263
144 113
272 168
200 304
5 184
236 94
257 57
87 114
182 252
210 216
159 164
303 32
210 211
120 76
212 136
284 120
295 187
58 43
229 212
116 221
239 86
120 241
296 131
19 117
133 214
5 132
159 235
308 232
261 293
174 199
224 231
245 255
144 84
281 204
151 101
192 142
249 233
2 62
