tarefas: 107
precedencias: 1386
79 83
61 90
21 90
9 1
86 27
7 42
48 1
83 82
86 84
20 9
79 44
106 102
85 92
41 98
25 33
40 30
89 11
61 26
32 98
25 24
53 96
97 104
31 1
53 25
0 49
48 14
40 17
64 87
41 57
12 13
47 13
17 30
52 19
29 27
78 27
52 2
86 103
0 90
46 24
56 49
45 71
104 27
48 51
91 27
40 75
53 78
21 43
83 67
14 10
77 72
94 16
18 38
61 73
0 100
12 55
80 100
42 95
104 4
42 11
64 106
47 25
41 90
2 55
95 102
96 70
87 102
2 44
97 102
61 13
37 29
37 95
0 36
13 31
23 83
13 93
56 71
53 39
21 67
12 93
19 27
29 98
0 87
87 55
21 81
7 93
69 31
83 5
63 71
87 73
37 14
6 74
80 15
77 68
43 15
40 42
51 71
35 1
23 80
64 104
14 82
25 100
83 62
41 8
49 90
29 31
70 29
2 91
41 100
85 21
30 31
12 45
44 90
11 100
85 7
56 98
86 101
64 27
79 45
43 5
102 75
0 9
57 3
17 95
12 43
94 26
40 59
68 13
12 95
35 43
56 55
53 91
13 81
13 82
17 4
28 45
86 8
2 60
83 103
102 1
83 37
96 65
64 35
68 95
61 45
83 84
48 9
64 24
77 90
80 5
0 27
48 84
83 16
80 4
33 39
53 29
96 95
13 100
2 0
11 59
1 16
78 26
56 21
52 4
9 30
79 78
30 91
96 34
85 79
29 90
49 36
56 27
9 5
28 72
0 77
94 93
28 19
35 65
42 44
0 104
85 56
17 39
74 14
53 73
106 33
73 72
87 44
53 13
9 39
96 59
97 1
28 102
104 14
52 70
78 19
69 10
106 91
48 7
13 16
43 55
96 17
35 26
2 98
87 106
11 82
96 92
30 14
102 103
47 14
2 36
91 31
67 45
61 16
65 75
86 42
74 33
68 11
78 72
64 72
97 87
60 72
56 13
30 71
77 3
86 46
52 65
63 16
65 94
75 92
35 15
49 63
53 84
19 71
0 92
61 75
52 22
91 98
89 49
89 32
106 55
21 19
87 69
48 80
40 60
41 82
47 46
32 1
49 57
74 42
46 81
97 77
54 18
104 102
57 18
13 15
25 59
2 88
70 31
61 69
52 40
63 80
14 5
42 13
29 75
106 59
53 16
85 3
63 57
70 78
12 91
105 48
42 55
12 36
12 46
77 54
42 10
97 6
57 75
53 27
25 19
61 55
106 71
85 44
53 66
85 54
53 104
63 93
49 47
73 75
43 39
52 21
87 1
47 17
82 90
2 38
79 31
51 68
75 16
13 38
11 72
48 87
30 10
67 60
51 18
69 26
83 17
96 39
83 71
96 91
27 90
73 100
64 36
106 16
65 16
91 44
35 55
78 59
65 91
65 45
29 15
29 59
41 26
2 86
83 43
14 92
28 13
41 48
56 60
2 99
61 81
86 87
2 30
29 38
21 73
87 81
96 27
77 39
69 62
56 61
0 43
0 33
52 84
36 71
6 25
85 37
9 34
64 46
7 65
73 92
96 55
18 33
106 1
37 19
53 19
86 83
77 36
86 48
49 37
64 34
68 71
22 4
28 25
96 18
68 38
64 29
71 33
10 16
79 73
42 73
41 24
74 47
82 26
7 98
86 81
6 39
41 46
46 25
25 72
86 67
86 17
77 75
68 92
64 10
7 77
70 16
91 16
9 67
7 31
58 81
106 5
52 57
96 80
63 55
49 38
35 78
0 11
86 97
21 70
21 63
41 44
44 18
86 68
96 82
57 55
83 7
84 91
56 78
64 53
87 31
83 102
40 95
27 75
2 69
96 45
21 95
42 102
12 33
41 79
57 70
82 4
12 78
13 92
70 98
42 91
20 96
78 1
7 16
0 1
13 73
18 93
88 1
80 71
64 49
44 94
0 60
64 5
27 34
80 38
47 106
9 103
66 34
42 45
64 74
83 38
64 82
9 16
14 103
35 45
54 16
68 55
41 77
40 51
19 72
76 43
77 15
56 101
35 93
0 57
49 11
82 39
12 30
37 44
79 91
86 51
95 34
67 73
21 55
89 94
9 94
49 5
64 26
70 34
48 21
70 10
48 81
96 71
21 26
43 82
12 100
55 92
101 96
40 94
48 104
29 103
61 42
48 24
95 93
79 4
30 80
2 43
76 51
2 62
30 5
2 89
77 4
2 17
0 62
2 45
13 30
48 55
30 15
0 42
88 91
35 99
14 80
52 62
4 55
8 18
53 63
13 14
88 0
27 33
79 37
97 81
83 55
41 80
41 89
52 16
50 82
30 11
2 75
28 100
28 71
65 93
35 38
57 94
53 47
41 87
64 3
42 81
13 75
68 80
51 73
20 26
96 104
41 22
58 13
25 92
63 81
83 93
8 92
86 94
48 93
61 59
66 65
49 13
79 94
25 44
96 29
89 102
33 92
74 43
12 79
3 18
52 66
66 13
3 36
42 103
52 59
63 10
80 29
83 28
75 90
79 66
0 20
70 59
64 65
68 59
51 15
70 44
21 66
52 28
7 13
79 0
12 1
102 72
0 93
2 65
41 106
48 97
42 72
73 33
9 33
8 53
0 25
9 55
106 13
86 43
2 40
47 69
96 24
53 17
96 4
52 0
95 5
32 10
51 25
42 84
2 50
70 55
77 31
57 29
97 80
48 27
17 11
53 55
11 4
52 34
36 1
86 50
12 25
69 16
41 88
2 51
51 91
77 5
78 34
72 1
30 72
68 104
34 4
65 43
48 68
85 16
47 45
42 19
64 66
0 96
51 10
64 78
53 82
49 44
78 16
86 31
67 102
83 45
7 43
73 94
73 16
2 71
67 82
18 92
48 26
85 13
41 40
56 81
8 11
87 63
52 74
49 73
70 14
9 66
57 44
56 43
18 5
12 61
52 101
49 96
0 53
9 54
12 104
20 15
52 15
106 31
2 56
42 14
35 60
69 30
69 78
77 98
13 59
37 73
2 57
72 92
69 24
76 94
85 90
17 80
38 94
74 11
53 42
46 3
56 92
97 36
41 21
86 18
2 97
86 88
51 69
70 26
46 4
35 36
1 33
61 7
53 71
49 70
64 30
0 63
49 82
23 98
73 26
91 24
78 55
44 15
63 84
40 104
95 81
14 24
104 92
25 36
29 24
86 71
97 42
14 29
77 60
40 82
73 24
56 7
56 68
57 91
61 4
76 33
40 32
28 38
67 91
57 59
75 55
25 15
28 94
56 29
88 82
61 21
88 23
63 68
80 93
52 72
13 65
91 75
9 14
86 33
34 92
56 64
68 45
37 3
70 94
64 44
82 1
52 90
9 57
86 77
77 102
69 27
32 66
70 82
96 102
51 60
96 94
88 84
31 93
68 65
79 34
89 43
85 104
17 67
12 101
88 39
21 57
48 63
42 28
95 10
12 16
96 11
100 4
13 24
79 95
6 65
56 31
85 29
52 87
0 28
73 19
7 59
78 31
86 15
72 55
58 72
12 38
35 96
6 57
12 71
29 34
69 37
72 94
55 5
97 67
2 93
11 1
83 25
42 63
2 20
13 44
68 103
72 10
83 104
64 33
64 62
52 96
76 77
86 5
2 33
83 60
85 22
86 98
73 45
54 4
69 44
49 3
40 4
33 15
75 39
102 82
83 47
61 34
74 18
82 94
41 9
0 51
31 71
91 93
86 70
35 25
35 103
100 38
104 16
1 90
96 46
14 59
4 26
1 75
95 92
71 16
13 18
41 69
74 51
100 98
44 98
69 3
9 3
86 19
48 39
52 13
12 88
0 7
46 104
60 92
85 9
64 69
77 95
73 98
88 103
77 80
64 61
7 72
83 54
2 22
72 15
79 63
64 43
48 35
9 95
80 33
53 37
63 92
86 7
56 103
96 90
13 90
106 73
1 26
51 44
79 32
40 87
13 26
64 37
87 68
48 32
61 78
48 90
12 31
95 90
51 95
74 106
28 10
12 62
23 67
80 90
27 93
21 15
2 73
21 39
64 60
19 31
63 15
0 102
40 69
53 80
58 59
41 43
85 33
12 8
81 94
21 91
48 89
47 104
43 10
60 45
40 62
48 75
56 24
84 67
3 31
102 90
85 32
84 11
70 18
40 61
21 13
106 78
2 14
100 29
49 78
86 9
86 72
11 27
9 104
87 18
83 13
72 18
41 53
67 72
104 5
11 16
57 33
49 100
61 38
12 0
64 96
64 68
74 73
61 19
78 103
52 38
35 21
49 51
48 91
41 13
53 33
9 77
85 38
9 68
52 102
41 96
35 92
46 93
77 94
19 10
41 73
52 64
21 1
28 29
47 67
63 43
101 33
64 16
6 9
61 11
9 15
30 29
21 77
12 99
37 94
52 54
62 15
50 73
51 28
56 42
72 4
79 90
36 27
62 65
57 19
76 72
35 71
12 5
88 60
67 29
86 55
12 84
83 31
51 82
6 30
8 37
7 47
86 41
28 104
41 51
80 31
83 87
28 59
106 25
0 8
25 103
48 29
48 106
78 90
53 1
36 16
77 38
56 37
64 101
77 29
10 26
86 61
21 75
7 90
40 29
79 53
54 59
73 82
79 38
96 103
78 5
88 21
40 31
2 7
80 44
32 19
52 106
67 30
63 77
26 5
73 44
86 105
64 73
42 27
2 23
40 84
61 65
73 15
37 18
68 24
51 66
38 5
20 60
86 45
27 4
41 72
100 26
2 3
79 1
67 1
82 27
48 42
42 1
64 71
59 26
42 17
4 38
53 43
60 90
79 51
87 90
64 14
35 44
52 60
83 92
2 49
86 29
61 18
6 34
96 3
86 34
77 33
96 66
61 29
88 11
60 19
46 71
20 66
28 36
53 4
2 1
87 71
95 14
67 3
78 92
72 59
40 15
42 100
57 31
20 31
96 44
83 68
13 4
10 39
48 30
97 47
52 76
77 81
97 78
0 94
19 11
35 69
48 8
51 90
30 27
99 13
41 5
35 17
85 101
102 33
87 38
77 67
48 98
46 98
64 88
23 18
69 91
11 38
56 106
52 88
49 17
12 81
40 25
49 19
90 5
70 38
46 91
27 94
89 33
3 92
56 46
85 95
63 27
40 76
83 51
52 18
97 91
69 93
12 39
86 16
86 89
18 15
53 60
68 44
87 39
41 15
68 25
2 74
37 100
23 92
41 35
97 95
76 20
96 28
42 80
89 15
86 95
85 62
56 67
13 80
66 19
0 30
21 68
39 92
17 14
21 102
86 92
64 103
79 46
71 98
29 16
52 77
2 61
78 39
38 93
87 49
72 24
27 26
89 91
25 26
83 53
25 98
106 84
77 34
56 66
48 71
52 43
57 27
48 92
54 71
2 10
41 45
51 13
69 13
87 94
4 92
58 103
68 14
77 93
51 14
53 46
13 5
12 2
8 27
72 26
35 87
41 60
52 29
13 103
82 93
49 18
69 82
83 34
102 31
48 47
102 36
52 73
68 73
40 47
20 90
46 90
67 94
42 66
83 18
83 49
63 1
65 103
2 82
41 76
65 55
9 80
52 61
48 61
95 29
56 53
41 105
64 81
2 81
86 37
32 5
61 36
0 19
48 25
35 59
41 101
32 93
97 57
0 18
51 38
85 14
97 34
64 89
82 92
83 98
83 63
18 59
46 45
19 100
9 71
87 66
76 18
73 80
75 59
41 11
96 78
2 68
96 62
74 49
24 15
52 37
106 60
87 98
96 98
0 84
97 17
56 72
105 92
106 65
19 75
67 16
73 29
100 82
56 10
25 93
64 4
2 90
106 3
1 94
87 53
41 97
53 51
85 70
60 75
52 53
28 15
52 27
61 10
85 10
53 65
95 82
9 36
41 14
28 75
2 100
77 66
97 84
53 3
51 37
60 27
25 5
48 13
69 29
82 38
32 61
77 82
77 103
97 69
46 43
95 75
9 37
74 36
36 98
86 14
73 55
30 18
56 3
19 4
11 75
9 82
26 93
49 30
97 72
53 90
47 18
2 21
27 16
17 63
68 62
28 66
85 98
49 42
17 78
54 44
9 93
7 66
74 8
10 55
58 27
53 49
23 95
83 66
91 100
25 27
31 15
96 77
86 100
44 59
106 70
12 34
64 75
32 45
68 93
49 55
9 63
42 29
83 27
4 33
48 96
17 84
30 39
52 63
83 95
106 36
35 40
47 84
44 10
